<?xml version="1.0" encoding="utf-8"?>
<COLLADA xmlns="http://www.collada.org/2005/11/COLLADASchema" version="1.4.1">
  <asset><contributor><author>Mixamo</author><authoring_tool>COLLADA Mixamo exporter</authoring_tool><comments></comments></contributor><created>2015-09-17T20:13:52Z</created><modified>2015-09-17T20:13:52Z</modified><revision></revision><title></title><unit meter="0.010000"/><up_axis>Y_UP</up_axis></asset>
  <library_animations>
    <animation id="mixamorig_Hips-anim" name="mixamorig_Hips"><source id="mixamorig_Hips-Matrix-animation-input"><float_array id="mixamorig_Hips-Matrix-animation-input-array" count="251">

0.000000 0.033333 0.066667 0.100000 0.133333 0.166667 0.200000 0.233333 0.266667 0.300000 0.333333 0.366667 0.400000 0.433333 0.466667 0.500000
0.533333 0.566667 0.600000 0.633333 0.666667 0.700000 0.733333 0.766667 0.800000 0.833333 0.866667 0.900000 0.933333 0.966667 1.000000 1.033333
1.066667 1.100000 1.133333 1.166667 1.200000 1.233333 1.266667 1.300000 1.333333 1.366667 1.400000 1.433333 1.466667 1.500000 1.533333 1.566667
1.600000 1.633333 1.666667 1.700000 1.733333 1.766667 1.800000 1.833333 1.866667 1.900000 1.933333 1.966667 2.000000 2.033333 2.066667 2.100000
2.133333 2.166667 2.200000 2.233333 2.266667 2.300000 2.333333 2.366667 2.400000 2.433333 2.466667 2.500000 2.533333 2.566667 2.600000 2.633333
2.666667 2.700000 2.733333 2.766667 2.800000 2.833333 2.866667 2.900000 2.933333 2.966667 3.000000 3.033333 3.066667 3.100000 3.133333 3.166667
3.200000 3.233333 3.266667 3.300000 3.333333 3.366667 3.400000 3.433333 3.466667 3.500000 3.533333 3.566667 3.600000 3.633333 3.666667 3.700000
3.733333 3.766667 3.800000 3.833333 3.866667 3.900000 3.933333 3.966667 4.000000 4.033333 4.066667 4.100000 4.133333 4.166667 4.200000 4.233333
4.266667 4.300000 4.333333 4.366667 4.400000 4.433333 4.466667 4.500000 4.533333 4.566667 4.600000 4.633333 4.666667 4.700000 4.733333 4.766667
4.800000 4.833333 4.866667 4.900000 4.933333 4.966667 5.000000 5.033333 5.066667 5.100000 5.133333 5.166667 5.200000 5.233333 5.266667 5.300000
5.333333 5.366667 5.400000 5.433333 5.466667 5.500000 5.533333 5.566667 5.600000 5.633333 5.666667 5.700000 5.733333 5.766667 5.800000 5.833333
5.866667 5.900000 5.933333 5.966667 6.000000 6.033333 6.066667 6.100000 6.133333 6.166667 6.200000 6.233333 6.266667 6.300000 6.333333 6.366667
6.400000 6.433333 6.466667 6.500000 6.533333 6.566667 6.600000 6.633333 6.666667 6.700000 6.733333 6.766667 6.800000 6.833333 6.866667 6.900000
6.933333 6.966667 7.000000 7.033333 7.066667 7.100000 7.133333 7.166667 7.200000 7.233333 7.266667 7.300000 7.333333 7.366667 7.400000 7.433333
7.466667 7.500000 7.533333 7.566667 7.600000 7.633333 7.666667 7.700000 7.733333 7.766667 7.800000 7.833333 7.866667 7.900000 7.933333 7.966667
8.000000 8.033333 8.066667 8.100000 8.133333 8.166667 8.200000 8.233333 8.266667 8.300000 8.333333</float_array><technique_common><accessor source="#mixamorig_Hips-Matrix-animation-input-array" count="251"><param name="TIME" type="float"/></accessor></technique_common></source><source id="mixamorig_Hips-Matrix-animation-output-transform"><float_array id="mixamorig_Hips-Matrix-animation-output-transform-array" count="4016">

0.994183 0.057288 -0.091204 0.077678 -0.051443 0.996545 0.065200 15.771724 0.094624 -0.060129 0.993696 -0.067979 0.000000 0.000000 0.000000 1.000000
0.994185 0.057284 -0.091182 0.077808 -0.051469 0.996564 0.064891 15.771861 0.094586 -0.059820 0.993718 -0.067639 0.000000 0.000000 0.000000 1.000000
0.994172 0.057269 -0.091336 0.077968 -0.051467 0.996579 0.064663 15.772061 0.094727 -0.059586 0.993718 -0.066787 0.000000 0.000000 0.000000 1.000000
0.994154 0.057239 -0.091555 0.078236 -0.051440 0.996592 0.064490 15.772339 0.094935 -0.059403 0.993710 -0.065560 0.000000 0.000000 0.000000 1.000000
0.994121 0.057241 -0.091906 0.078525 -0.051430 0.996598 0.064400 15.772689 0.095280 -0.059295 0.993683 -0.064144 0.000000 0.000000 0.000000 1.000000
0.994066 0.057270 -0.092483 0.078761 -0.051429 0.996601 0.064359 15.773045 0.095854 -0.059220 0.993632 -0.062679 0.000000 0.000000 0.000000 1.000000
0.993995 0.057290 -0.093228 0.078978 -0.051412 0.996607 0.064279 15.773307 0.096594 -0.059100 0.993568 -0.061257 0.000000 0.000000 0.000000 1.000000
0.993922 0.057315 -0.093987 0.079215 -0.051403 0.996615 0.064164 15.773413 0.097347 -0.058942 0.993504 -0.059899 0.000000 0.000000 0.000000 1.000000
0.993850 0.057379 -0.094711 0.079437 -0.051429 0.996617 0.064107 15.773431 0.098069 -0.058842 0.993439 -0.058555 0.000000 0.000000 0.000000 1.000000
0.993775 0.057463 -0.095443 0.079652 -0.051470 0.996615 0.064108 15.773523 0.098804 -0.058796 0.993368 -0.057157 0.000000 0.000000 0.000000 1.000000
0.993701 0.057520 -0.096177 0.079917 -0.051492 0.996619 0.064027 15.773667 0.099534 -0.058671 0.993303 -0.055720 0.000000 0.000000 0.000000 1.000000
0.993631 0.057534 -0.096890 0.080225 -0.051488 0.996634 0.063788 15.773726 0.100234 -0.058393 0.993249 -0.054303 0.000000 0.000000 0.000000 1.000000
0.993563 0.057562 -0.097568 0.080518 -0.051508 0.996653 0.063475 15.773783 0.100895 -0.058041 0.993203 -0.052918 0.000000 0.000000 0.000000 1.000000
0.993500 0.057620 -0.098167 0.080677 -0.051559 0.996668 0.063202 15.773736 0.101482 -0.057730 0.993161 -0.051612 0.000000 0.000000 0.000000 1.000000
0.993444 0.057721 -0.098679 0.080589 -0.051650 0.996675 0.063010 15.773615 0.101988 -0.057501 0.993122 -0.050388 0.000000 0.000000 0.000000 1.000000
0.993388 0.057865 -0.099156 0.080084 -0.051781 0.996677 0.062871 15.773451 0.102465 -0.057321 0.993084 -0.049283 0.000000 0.000000 0.000000 1.000000
0.993337 0.058036 -0.099565 0.079126 -0.051948 0.996680 0.062685 15.773237 0.102873 -0.057095 0.993055 -0.048321 0.000000 0.000000 0.000000 1.000000
0.993305 0.058185 -0.099800 0.077903 -0.052118 0.996692 0.062362 15.772997 0.103098 -0.056743 0.993051 -0.047369 0.000000 0.000000 0.000000 1.000000
0.993290 0.058287 -0.099885 0.076648 -0.052259 0.996711 0.061945 15.772809 0.103167 -0.056310 0.993069 -0.046218 0.000000 0.000000 0.000000 1.000000
0.993278 0.058364 -0.099961 0.075419 -0.052371 0.996728 0.061568 15.772681 0.103227 -0.055919 0.993085 -0.044876 0.000000 0.000000 0.000000 1.000000
0.993263 0.058446 -0.100059 0.074086 -0.052476 0.996740 0.061291 15.772611 0.103315 -0.055627 0.993092 -0.043494 0.000000 0.000000 0.000000 1.000000
0.993259 0.058504 -0.100065 0.072541 -0.052564 0.996752 0.061006 15.772566 0.103309 -0.055335 0.993109 -0.042007 0.000000 0.000000 0.000000 1.000000
0.993271 0.058505 -0.099949 0.070843 -0.052617 0.996776 0.060566 15.772512 0.103171 -0.054900 0.993147 -0.040207 0.000000 0.000000 0.000000 1.000000
0.993279 0.058473 -0.099889 0.069185 -0.052646 0.996809 0.060010 15.772504 0.103079 -0.054348 0.993187 -0.037976 0.000000 0.000000 0.000000 1.000000
0.993269 0.058424 -0.100018 0.067658 -0.052640 0.996838 0.059530 15.772576 0.103180 -0.053865 0.993203 -0.035282 0.000000 0.000000 0.000000 1.000000
0.993253 0.058337 -0.100224 0.066278 -0.052574 0.996860 0.059219 15.772848 0.103364 -0.053550 0.993201 -0.032131 0.000000 0.000000 0.000000 1.000000
0.993251 0.058166 -0.100340 0.065025 -0.052415 0.996879 0.059032 15.773194 0.103461 -0.053374 0.993200 -0.028717 0.000000 0.000000 0.000000 1.000000
0.993264 0.057967 -0.100328 0.063883 -0.052224 0.996894 0.058955 15.773512 0.103434 -0.053318 0.993206 -0.025363 0.000000 0.000000 0.000000 1.000000
0.993289 0.057780 -0.100196 0.062708 -0.052037 0.996899 0.059022 15.773701 0.103296 -0.053412 0.993216 -0.022255 0.000000 0.000000 0.000000 1.000000
0.993322 0.057591 -0.099968 0.061288 -0.051839 0.996898 0.059219 15.773835 0.103069 -0.053641 0.993227 -0.019148 0.000000 0.000000 0.000000 1.000000
0.993355 0.057394 -0.099761 0.059472 -0.051621 0.996892 0.059513 15.774032 0.102867 -0.053968 0.993230 -0.015613 0.000000 0.000000 0.000000 1.000000
0.993369 0.057223 -0.099713 0.057295 -0.051410 0.996878 0.059920 15.774254 0.102831 -0.054397 0.993210 -0.011612 0.000000 0.000000 0.000000 1.000000
0.993372 0.057093 -0.099757 0.054991 -0.051227 0.996858 0.060412 15.774398 0.102893 -0.054901 0.993176 -0.007582 0.000000 0.000000 0.000000 1.000000
0.993383 0.056988 -0.099712 0.052840 -0.051072 0.996836 0.060906 15.774496 0.102867 -0.055410 0.993151 -0.003924 0.000000 0.000000 0.000000 1.000000
0.993406 0.056881 -0.099547 0.050861 -0.050926 0.996815 0.061378 15.774564 0.102722 -0.055904 0.993138 -0.000777 0.000000 0.000000 0.000000 1.000000
0.993439 0.056761 -0.099280 0.048974 -0.050769 0.996792 0.061872 15.774656 0.102473 -0.056426 0.993134 0.001813 0.000000 0.000000 0.000000 1.000000
0.993492 0.056603 -0.098842 0.047135 -0.050580 0.996767 0.062423 15.774746 0.102055 -0.057017 0.993143 0.003872 0.000000 0.000000 0.000000 1.000000
0.993572 0.056375 -0.098167 0.045346 -0.050332 0.996745 0.062983 15.774802 0.101398 -0.057637 0.993175 0.005537 0.000000 0.000000 0.000000 1.000000
0.993677 0.056040 -0.097293 0.043649 -0.049997 0.996730 0.063481 15.774851 0.100532 -0.058215 0.993229 0.006900 0.000000 0.000000 0.000000 1.000000
0.993798 0.055612 -0.096297 0.042121 -0.049585 0.996724 0.063894 15.774865 0.099535 -0.058723 0.993300 0.007802 0.000000 0.000000 0.000000 1.000000
0.993931 0.055168 -0.095176 0.040683 -0.049173 0.996723 0.064227 15.774715 0.098407 -0.059157 0.993386 0.008067 0.000000 0.000000 0.000000 1.000000
0.994075 0.054786 -0.093881 0.039060 -0.048842 0.996723 0.064486 15.774296 0.097106 -0.059518 0.993493 0.007832 0.000000 0.000000 0.000000 1.000000
0.994226 0.054457 -0.092463 0.037143 -0.048576 0.996721 0.064705 15.773653 0.095684 -0.059839 0.993612 0.007336 0.000000 0.000000 0.000000 1.000000
0.994373 0.054132 -0.091065 0.035067 -0.048311 0.996718 0.064950 15.772975 0.094282 -0.060185 0.993725 0.006664 0.000000 0.000000 0.000000 1.000000
0.994505 0.053805 -0.089800 0.032854 -0.048034 0.996713 0.065235 15.772398 0.093014 -0.060563 0.993821 0.005831 0.000000 0.000000 0.000000 1.000000
0.994620 0.053507 -0.088704 0.030390 -0.047779 0.996709 0.065491 15.771906 0.091916 -0.060901 0.993903 0.004959 0.000000 0.000000 0.000000 1.000000
0.994717 0.053241 -0.087774 0.027653 -0.047551 0.996707 0.065684 15.771408 0.090982 -0.061163 0.993973 0.004295 0.000000 0.000000 0.000000 1.000000
0.994796 0.052992 -0.087019 0.024734 -0.047333 0.996705 0.065866 15.771030 0.090223 -0.061404 0.994027 0.003962 0.000000 0.000000 0.000000 1.000000
0.994857 0.052775 -0.086453 0.021589 -0.047132 0.996701 0.066066 15.770865 0.089654 -0.061652 0.994063 0.003834 0.000000 0.000000 0.000000 1.000000
0.994903 0.052602 -0.086031 0.018195 -0.046969 0.996698 0.066236 15.770773 0.089231 -0.061857 0.994088 0.003758 0.000000 0.000000 0.000000 1.000000
0.994940 0.052459 -0.085693 0.014821 -0.046842 0.996700 0.066295 15.770626 0.088888 -0.061945 0.994114 0.003735 0.000000 0.000000 0.000000 1.000000
0.994967 0.052316 -0.085466 0.011796 -0.046718 0.996710 0.066236 15.770456 0.088650 -0.061910 0.994137 0.003924 0.000000 0.000000 0.000000 1.000000
0.994976 0.052163 -0.085456 0.009099 -0.046572 0.996722 0.066157 15.770365 0.088626 -0.061845 0.994143 0.004472 0.000000 0.000000 0.000000 1.000000
0.994962 0.052020 -0.085704 0.006651 -0.046415 0.996730 0.066144 15.770433 0.088864 -0.061832 0.994123 0.005442 0.000000 0.000000 0.000000 1.000000
0.994934 0.051890 -0.086107 0.004569 -0.046255 0.996734 0.066200 15.770657 0.089261 -0.061882 0.994084 0.006775 0.000000 0.000000 0.000000 1.000000
0.994905 0.051752 -0.086515 0.002895 -0.046082 0.996735 0.066300 15.770918 0.089664 -0.061975 0.994042 0.008274 0.000000 0.000000 0.000000 1.000000
0.994882 0.051602 -0.086875 0.001489 -0.045898 0.996735 0.066421 15.771139 0.090019 -0.062094 0.994002 0.009759 0.000000 0.000000 0.000000 1.000000
0.994858 0.051458 -0.087231 0.000265 -0.045718 0.996733 0.066578 15.771298 0.090372 -0.062248 0.993961 0.011238 0.000000 0.000000 0.000000 1.000000
0.994830 0.051342 -0.087624 -0.000678 -0.045558 0.996727 0.066785 15.771380 0.090766 -0.062448 0.993912 0.012769 0.000000 0.000000 0.000000 1.000000
0.994794 0.051264 -0.088079 -0.001348 -0.045428 0.996717 0.067024 15.771408 0.091226 -0.062674 0.993856 0.014284 0.000000 0.000000 0.000000 1.000000
0.994750 0.051211 -0.088600 -0.001897 -0.045319 0.996704 0.067279 15.771381 0.091754 -0.062910 0.993793 0.015700 0.000000 0.000000 0.000000 1.000000
0.994706 0.051175 -0.089113 -0.002454 -0.045226 0.996690 0.067548 15.771241 0.092275 -0.063160 0.993728 0.017024 0.000000 0.000000 0.000000 1.000000
0.994670 0.051176 -0.089515 -0.003037 -0.045175 0.996674 0.067824 15.771015 0.092688 -0.063419 0.993673 0.018335 0.000000 0.000000 0.000000 1.000000
0.994639 0.051226 -0.089833 -0.003511 -0.045178 0.996654 0.068116 15.770839 0.093022 -0.063693 0.993625 0.019629 0.000000 0.000000 0.000000 1.000000
0.994603 0.051303 -0.090183 -0.003646 -0.045202 0.996631 0.068442 15.770765 0.093390 -0.063996 0.993571 0.020717 0.000000 0.000000 0.000000 1.000000
0.994568 0.051391 -0.090517 -0.003443 -0.045233 0.996603 0.068819 15.770749 0.093746 -0.064351 0.993514 0.021577 0.000000 0.000000 0.000000 1.000000
0.994550 0.051509 -0.090652 -0.003123 -0.045301 0.996570 0.069258 15.770714 0.093909 -0.064774 0.993471 0.022485 0.000000 0.000000 0.000000 1.000000
0.994552 0.051656 -0.090546 -0.002846 -0.045410 0.996531 0.069741 15.770561 0.093834 -0.065250 0.993447 0.023510 0.000000 0.000000 0.000000 1.000000
0.994564 0.051805 -0.090330 -0.002535 -0.045527 0.996492 0.070228 15.770258 0.093652 -0.065733 0.993433 0.024358 0.000000 0.000000 0.000000 1.000000
0.994577 0.051938 -0.090102 -0.002142 -0.045631 0.996454 0.070694 15.769925 0.093454 -0.066199 0.993420 0.024857 0.000000 0.000000 0.000000 1.000000
0.994599 0.052055 -0.089791 -0.001842 -0.045726 0.996417 0.071155 15.769597 0.093174 -0.066665 0.993416 0.025187 0.000000 0.000000 0.000000 1.000000
0.994641 0.052163 -0.089265 -0.001886 -0.045823 0.996377 0.071652 15.769139 0.092679 -0.067178 0.993427 0.025641 0.000000 0.000000 0.000000 1.000000
0.994703 0.052252 -0.088521 -0.002242 -0.045910 0.996332 0.072218 15.768488 0.091970 -0.067771 0.993453 0.026239 0.000000 0.000000 0.000000 1.000000
0.994774 0.052304 -0.087690 -0.002655 -0.045960 0.996283 0.072858 15.767698 0.091174 -0.068447 0.993480 0.026711 0.000000 0.000000 0.000000 1.000000
0.994847 0.052320 -0.086840 -0.003153 -0.045974 0.996233 0.073529 15.766853 0.090360 -0.069158 0.993505 0.026916 0.000000 0.000000 0.000000 1.000000
0.994926 0.052318 -0.085936 -0.004054 -0.045979 0.996186 0.074160 15.765985 0.089488 -0.069832 0.993537 0.027024 0.000000 0.000000 0.000000 1.000000
0.995010 0.052302 -0.084963 -0.005531 -0.045982 0.996144 0.074717 15.765095 0.088543 -0.070438 0.993579 0.027230 0.000000 0.000000 0.000000 1.000000
0.995102 0.052257 -0.083917 -0.007650 -0.045969 0.996109 0.075187 15.764235 0.087520 -0.070961 0.993632 0.027696 0.000000 0.000000 0.000000 1.000000
0.995200 0.052167 -0.082796 -0.010342 -0.045929 0.996085 0.075530 15.763586 0.086412 -0.071365 0.993700 0.028612 0.000000 0.000000 0.000000 1.000000
0.995298 0.052047 -0.081692 -0.013276 -0.045872 0.996073 0.075719 15.763314 0.085312 -0.071616 0.993777 0.029972 0.000000 0.000000 0.000000 1.000000
0.995379 0.051941 -0.080759 -0.016241 -0.045827 0.996069 0.075805 15.763278 0.084379 -0.071754 0.993847 0.031634 0.000000 0.000000 0.000000 1.000000
0.995436 0.051860 -0.080111 -0.019161 -0.045784 0.996064 0.075896 15.763256 0.083732 -0.071882 0.993892 0.033568 0.000000 0.000000 0.000000 1.000000
0.995472 0.051750 -0.079739 -0.021975 -0.045688 0.996056 0.076061 15.763195 0.083361 -0.072073 0.993910 0.035786 0.000000 0.000000 0.000000 1.000000
0.995497 0.051579 -0.079531 -0.024781 -0.045513 0.996046 0.076292 15.763100 0.083152 -0.072329 0.993909 0.038230 0.000000 0.000000 0.000000 1.000000
0.995521 0.051378 -0.079361 -0.027921 -0.045302 0.996036 0.076548 15.762982 0.082979 -0.072610 0.993903 0.040867 0.000000 0.000000 0.000000 1.000000
0.995547 0.051209 -0.079141 -0.031628 -0.045129 0.996025 0.076790 15.762864 0.082759 -0.072877 0.993901 0.043716 0.000000 0.000000 0.000000 1.000000
0.995575 0.051082 -0.078877 -0.035639 -0.045004 0.996015 0.076994 15.762749 0.082496 -0.073104 0.993907 0.046710 0.000000 0.000000 0.000000 1.000000
0.995598 0.050941 -0.078676 -0.039360 -0.044864 0.996008 0.077166 15.762672 0.082293 -0.073297 0.993909 0.049702 0.000000 0.000000 0.000000 1.000000
0.995610 0.050757 -0.078637 -0.042476 -0.044670 0.996004 0.077332 15.762733 0.082248 -0.073480 0.993899 0.052694 0.000000 0.000000 0.000000 1.000000
0.995610 0.050562 -0.078765 -0.045178 -0.044451 0.996002 0.077488 15.763018 0.082368 -0.073646 0.993877 0.055838 0.000000 0.000000 0.000000 1.000000
0.995600 0.050386 -0.079002 -0.047700 -0.044248 0.996001 0.077610 15.763439 0.082596 -0.073773 0.993849 0.059055 0.000000 0.000000 0.000000 1.000000
0.995584 0.050213 -0.079322 -0.049842 -0.044039 0.996000 0.077749 15.763726 0.082908 -0.073912 0.993812 0.061792 0.000000 0.000000 0.000000 1.000000
0.995563 0.050020 -0.079700 -0.051318 -0.043797 0.995991 0.078002 15.763771 0.083282 -0.074165 0.993762 0.063525 0.000000 0.000000 0.000000 1.000000
0.995545 0.049843 -0.080040 -0.052253 -0.043562 0.995971 0.078381 15.763777 0.083624 -0.074545 0.993705 0.064307 0.000000 0.000000 0.000000 1.000000
0.995532 0.049704 -0.080284 -0.052819 -0.043373 0.995950 0.078759 15.764042 0.083873 -0.074925 0.993656 0.064461 0.000000 0.000000 0.000000 1.000000
0.995523 0.049560 -0.080490 -0.052807 -0.043198 0.995942 0.078949 15.764631 0.084077 -0.075119 0.993624 0.064168 0.000000 0.000000 0.000000 1.000000
0.995514 0.049359 -0.080721 -0.051953 -0.042986 0.995958 0.078867 15.765313 0.084288 -0.075043 0.993612 0.063437 0.000000 0.000000 0.000000 1.000000
0.995506 0.049103 -0.080972 -0.050341 -0.042735 0.995991 0.078584 15.765805 0.084506 -0.074770 0.993614 0.062094 0.000000 0.000000 0.000000 1.000000
0.995500 0.048837 -0.081210 -0.048371 -0.042483 0.996031 0.078215 15.766073 0.084707 -0.074413 0.993623 0.060004 0.000000 0.000000 0.000000 1.000000
0.995496 0.048595 -0.081404 -0.046393 -0.042259 0.996071 0.077820 15.766309 0.084866 -0.074029 0.993639 0.057388 0.000000 0.000000 0.000000 1.000000
0.995493 0.048381 -0.081560 -0.044478 -0.042067 0.996110 0.077428 15.766637 0.084989 -0.073648 0.993656 0.054546 0.000000 0.000000 0.000000 1.000000
0.995489 0.048191 -0.081730 -0.042479 -0.041894 0.996144 0.077090 15.767007 0.085129 -0.073319 0.993669 0.051579 0.000000 0.000000 0.000000 1.000000
0.995480 0.048017 -0.081938 -0.040249 -0.041727 0.996171 0.076821 15.767389 0.085313 -0.073054 0.993672 0.048628 0.000000 0.000000 0.000000 1.000000
0.995469 0.047853 -0.082168 -0.037764 -0.041568 0.996198 0.076562 15.767858 0.085519 -0.072799 0.993673 0.045926 0.000000 0.000000 0.000000 1.000000
0.995455 0.047717 -0.082412 -0.035158 -0.041441 0.996227 0.076256 15.768437 0.085740 -0.072494 0.993677 0.043489 0.000000 0.000000 0.000000 1.000000
0.995436 0.047640 -0.082694 -0.032654 -0.041374 0.996257 0.075899 15.768999 0.086000 -0.072131 0.993681 0.041048 0.000000 0.000000 0.000000 1.000000
0.995410 0.047602 -0.083026 -0.030359 -0.041347 0.996289 0.075493 15.769437 0.086311 -0.071714 0.993684 0.038513 0.000000 0.000000 0.000000 1.000000
0.995382 0.047543 -0.083390 -0.028112 -0.041305 0.996328 0.075000 15.769918 0.086650 -0.071209 0.993691 0.036213 0.000000 0.000000 0.000000 1.000000
0.995355 0.047457 -0.083759 -0.025630 -0.041245 0.996375 0.074400 15.770626 0.086986 -0.070599 0.993705 0.034371 0.000000 0.000000 0.000000 1.000000
0.995327 0.047415 -0.084119 -0.022886 -0.041234 0.996424 0.073746 15.771430 0.087315 -0.069933 0.993723 0.032761 0.000000 0.000000 0.000000 1.000000
0.995297 0.047436 -0.084458 -0.020086 -0.041286 0.996468 0.073123 15.772180 0.087628 -0.069292 0.993740 0.031334 0.000000 0.000000 0.000000 1.000000
0.995268 0.047443 -0.084797 -0.017258 -0.041316 0.996505 0.072603 15.773017 0.087945 -0.068756 0.993750 0.030598 0.000000 0.000000 0.000000 1.000000
0.995238 0.047354 -0.085201 -0.014225 -0.041230 0.996534 0.072247 15.774042 0.088327 -0.068390 0.993741 0.030842 0.000000 0.000000 0.000000 1.000000
0.995203 0.047194 -0.085700 -0.011023 -0.041051 0.996553 0.072085 15.775033 0.088807 -0.068222 0.993710 0.031566 0.000000 0.000000 0.000000 1.000000
0.995164 0.047071 -0.086215 -0.007992 -0.040890 0.996558 0.072117 15.775744 0.089313 -0.068243 0.993663 0.032108 0.000000 0.000000 0.000000 1.000000
0.995132 0.047040 -0.086604 -0.005476 -0.040816 0.996548 0.072297 15.776199 0.089706 -0.068410 0.993616 0.032391 0.000000 0.000000 0.000000 1.000000
0.995113 0.047054 -0.086807 -0.003466 -0.040793 0.996531 0.072539 15.776556 0.089919 -0.068644 0.993581 0.032802 0.000000 0.000000 0.000000 1.000000
0.995106 0.047042 -0.086902 -0.001656 -0.040753 0.996515 0.072782 15.776885 0.090023 -0.068884 0.993555 0.033549 0.000000 0.000000 0.000000 1.000000
0.995098 0.046991 -0.087016 0.000189 -0.040672 0.996501 0.073023 15.777210 0.090143 -0.069126 0.993527 0.034485 0.000000 0.000000 0.000000 1.000000
0.995083 0.046946 -0.087207 0.002036 -0.040592 0.996486 0.073261 15.777586 0.090340 -0.069361 0.993493 0.035412 0.000000 0.000000 0.000000 1.000000
0.995064 0.046948 -0.087424 0.003672 -0.040562 0.996474 0.073449 15.777965 0.090564 -0.069541 0.993460 0.036154 0.000000 0.000000 0.000000 1.000000
0.995048 0.046992 -0.087587 0.004967 -0.040586 0.996466 0.073537 15.778192 0.090733 -0.069618 0.993439 0.036519 0.000000 0.000000 0.000000 1.000000
0.995037 0.047042 -0.087681 0.006055 -0.040631 0.996466 0.073517 15.778287 0.090830 -0.069590 0.993432 0.036494 0.000000 0.000000 0.000000 1.000000
0.995030 0.047085 -0.087745 0.007123 -0.040678 0.996471 0.073429 15.778461 0.090893 -0.069495 0.993433 0.036297 0.000000 0.000000 0.000000 1.000000
0.995023 0.047139 -0.087788 0.008112 -0.040739 0.996476 0.073321 15.778754 0.090935 -0.069379 0.993437 0.036082 0.000000 0.000000 0.000000 1.000000
0.995020 0.047219 -0.087777 0.008881 -0.040829 0.996480 0.073220 15.779059 0.090926 -0.069272 0.993445 0.035908 0.000000 0.000000 0.000000 1.000000
0.995020 0.047309 -0.087730 0.009422 -0.040933 0.996484 0.073108 15.779391 0.090880 -0.069153 0.993458 0.035905 0.000000 0.000000 0.000000 1.000000
0.995017 0.047393 -0.087724 0.009831 -0.041033 0.996492 0.072942 15.779739 0.090873 -0.068979 0.993471 0.036132 0.000000 0.000000 0.000000 1.000000
0.995006 0.047487 -0.087792 0.010131 -0.041142 0.996503 0.072726 15.779869 0.090939 -0.068751 0.993481 0.036414 0.000000 0.000000 0.000000 1.000000
0.994993 0.047622 -0.087870 0.010239 -0.041290 0.996512 0.072525 15.779613 0.091017 -0.068534 0.993488 0.036516 0.000000 0.000000 0.000000 1.000000
0.994984 0.047799 -0.087874 0.010001 -0.041479 0.996514 0.072385 15.779116 0.091028 -0.068377 0.993498 0.036429 0.000000 0.000000 0.000000 1.000000
0.994983 0.047990 -0.087781 0.009298 -0.041685 0.996512 0.072293 15.778628 0.090944 -0.068271 0.993513 0.036342 0.000000 0.000000 0.000000 1.000000
0.994987 0.048174 -0.087637 0.008262 -0.041884 0.996507 0.072245 15.778236 0.090811 -0.068212 0.993529 0.036461 0.000000 0.000000 0.000000 1.000000
0.994990 0.048347 -0.087510 0.007198 -0.042067 0.996500 0.072232 15.777897 0.090696 -0.068189 0.993541 0.036864 0.000000 0.000000 0.000000 1.000000
0.994987 0.048506 -0.087453 0.006193 -0.042234 0.996496 0.072198 15.777554 0.090648 -0.068143 0.993549 0.037538 0.000000 0.000000 0.000000 1.000000
0.994978 0.048646 -0.087483 0.005000 -0.042382 0.996497 0.072091 15.777122 0.090683 -0.068021 0.993554 0.038373 0.000000 0.000000 0.000000 1.000000
0.994962 0.048772 -0.087590 0.003418 -0.042519 0.996506 0.071889 15.776522 0.090790 -0.067802 0.993559 0.039118 0.000000 0.000000 0.000000 1.000000
0.994940 0.048916 -0.087754 0.001565 -0.042680 0.996521 0.071581 15.775921 0.090950 -0.067474 0.993567 0.039650 0.000000 0.000000 0.000000 1.000000
0.994912 0.049095 -0.087973 -0.000227 -0.042880 0.996540 0.071198 15.775642 0.091164 -0.067064 0.993575 0.040198 0.000000 0.000000 0.000000 1.000000
0.994875 0.049294 -0.088277 -0.001822 -0.043096 0.996559 0.070797 15.775736 0.091463 -0.066630 0.993577 0.041106 0.000000 0.000000 0.000000 1.000000
0.994831 0.049470 -0.088681 -0.003346 -0.043282 0.996580 0.070394 15.775872 0.091860 -0.066192 0.993569 0.042427 0.000000 0.000000 0.000000 1.000000
0.994783 0.049592 -0.089145 -0.004780 -0.043412 0.996603 0.069982 15.775767 0.092313 -0.065747 0.993557 0.043905 0.000000 0.000000 0.000000 1.000000
0.994738 0.049677 -0.089604 -0.006027 -0.043501 0.996625 0.069608 15.775516 0.092760 -0.065344 0.993542 0.045367 0.000000 0.000000 0.000000 1.000000
0.994699 0.049747 -0.089998 -0.007205 -0.043572 0.996642 0.069326 15.775320 0.093144 -0.065037 0.993526 0.046894 0.000000 0.000000 0.000000 1.000000
0.994668 0.049801 -0.090307 -0.008405 -0.043627 0.996655 0.069099 15.775241 0.093446 -0.064791 0.993514 0.048590 0.000000 0.000000 0.000000 1.000000
0.994642 0.049817 -0.090585 -0.009536 -0.043650 0.996673 0.068834 15.775259 0.093713 -0.064511 0.993507 0.050468 0.000000 0.000000 0.000000 1.000000
0.994614 0.049779 -0.090916 -0.010503 -0.043622 0.996697 0.068493 15.775369 0.094026 -0.064159 0.993500 0.052532 0.000000 0.000000 0.000000 1.000000
0.994579 0.049695 -0.091336 -0.011300 -0.043547 0.996726 0.068117 15.775547 0.094422 -0.063771 0.993488 0.054723 0.000000 0.000000 0.000000 1.000000
0.994543 0.049600 -0.091787 -0.011971 -0.043458 0.996756 0.067743 15.775723 0.094850 -0.063385 0.993472 0.056829 0.000000 0.000000 0.000000 1.000000
0.994511 0.049525 -0.092171 -0.012617 -0.043395 0.996784 0.067363 15.775884 0.095210 -0.062994 0.993462 0.058622 0.000000 0.000000 0.000000 1.000000
0.994488 0.049482 -0.092436 -0.013367 -0.043375 0.996813 0.066948 15.776022 0.095454 -0.062569 0.993465 0.060118 0.000000 0.000000 0.000000 1.000000
0.994473 0.049441 -0.092625 -0.014227 -0.043366 0.996844 0.066492 15.776034 0.095621 -0.062107 0.993478 0.061576 0.000000 0.000000 0.000000 1.000000
0.994457 0.049375 -0.092828 -0.014933 -0.043328 0.996874 0.066064 15.776005 0.095800 -0.061676 0.993488 0.063277 0.000000 0.000000 0.000000 1.000000
0.994437 0.049288 -0.093088 -0.015208 -0.043256 0.996898 0.065746 15.776218 0.096040 -0.061354 0.993485 0.065282 0.000000 0.000000 0.000000 1.000000
0.994413 0.049216 -0.093382 -0.015115 -0.043184 0.996915 0.065548 15.776687 0.096320 -0.061149 0.993470 0.067334 0.000000 0.000000 0.000000 1.000000
0.994387 0.049173 -0.093680 -0.014940 -0.043133 0.996924 0.065442 15.777037 0.096609 -0.061034 0.993449 0.069153 0.000000 0.000000 0.000000 1.000000
0.994364 0.049136 -0.093951 -0.014812 -0.043079 0.996926 0.065447 15.777056 0.096878 -0.061031 0.993423 0.070781 0.000000 0.000000 0.000000 1.000000
0.994347 0.049089 -0.094148 -0.014730 -0.043005 0.996919 0.065596 15.776852 0.097078 -0.061176 0.993395 0.072345 0.000000 0.000000 0.000000 1.000000
0.994339 0.049058 -0.094246 -0.014742 -0.042943 0.996905 0.065857 15.776604 0.097185 -0.061437 0.993368 0.073774 0.000000 0.000000 0.000000 1.000000
0.994334 0.049083 -0.094295 -0.014833 -0.042933 0.996884 0.066176 15.776464 0.097249 -0.061752 0.993342 0.075054 0.000000 0.000000 0.000000 1.000000
0.994323 0.049182 -0.094351 -0.014969 -0.042995 0.996858 0.066525 15.776529 0.097326 -0.062091 0.993314 0.076339 0.000000 0.000000 0.000000 1.000000
0.994311 0.049343 -0.094398 -0.015261 -0.043119 0.996829 0.066878 15.776615 0.097398 -0.062427 0.993286 0.077606 0.000000 0.000000 0.000000 1.000000
0.994303 0.049548 -0.094371 -0.015819 -0.043292 0.996798 0.067221 15.776382 0.097400 -0.062752 0.993265 0.078598 0.000000 0.000000 0.000000 1.000000
0.994300 0.049787 -0.094283 -0.016417 -0.043499 0.996763 0.067613 15.775751 0.097344 -0.063126 0.993247 0.078974 0.000000 0.000000 0.000000 1.000000
0.994291 0.050044 -0.094239 -0.016576 -0.043713 0.996722 0.068083 15.774965 0.097338 -0.063575 0.993219 0.078465 0.000000 0.000000 0.000000 1.000000
0.994279 0.050290 -0.094233 -0.016196 -0.043916 0.996682 0.068531 15.774193 0.097367 -0.064001 0.993189 0.077130 0.000000 0.000000 0.000000 1.000000
0.994284 0.050511 -0.094061 -0.015958 -0.044116 0.996650 0.068870 15.773337 0.097224 -0.064326 0.993182 0.075556 0.000000 0.000000 0.000000 1.000000
0.994313 0.050719 -0.093642 -0.016365 -0.044323 0.996620 0.069163 15.772360 0.096834 -0.064619 0.993201 0.074467 0.000000 0.000000 0.000000 1.000000
0.994346 0.050904 -0.093195 -0.016977 -0.044502 0.996586 0.069534 15.771464 0.096416 -0.064994 0.993217 0.074128 0.000000 0.000000 0.000000 1.000000
0.994364 0.051054 -0.092914 -0.017208 -0.044620 0.996545 0.070049 15.770746 0.096169 -0.065508 0.993207 0.074421 0.000000 0.000000 0.000000 1.000000
0.994371 0.051184 -0.092769 -0.017047 -0.044693 0.996493 0.070742 15.770029 0.096064 -0.066197 0.993171 0.075054 0.000000 0.000000 0.000000 1.000000
0.994379 0.051327 -0.092607 -0.016879 -0.044764 0.996428 0.071605 15.769094 0.095951 -0.067058 0.993125 0.075716 0.000000 0.000000 0.000000 1.000000
0.994398 0.051477 -0.092320 -0.017080 -0.044842 0.996355 0.072562 15.767892 0.095719 -0.068015 0.993082 0.076180 0.000000 0.000000 0.000000 1.000000
0.994430 0.051628 -0.091891 -0.017852 -0.044928 0.996280 0.073541 15.766458 0.095345 -0.069003 0.993050 0.076275 0.000000 0.000000 0.000000 1.000000
0.994470 0.051808 -0.091357 -0.019225 -0.045054 0.996202 0.074509 15.764997 0.094870 -0.069981 0.993027 0.076017 0.000000 0.000000 0.000000 1.000000
0.994513 0.052017 -0.090768 -0.021115 -0.045223 0.996130 0.075370 15.763837 0.094337 -0.070852 0.993016 0.075782 0.000000 0.000000 0.000000 1.000000
0.994561 0.052179 -0.090140 -0.023379 -0.045372 0.996077 0.075980 15.763205 0.093751 -0.071477 0.993027 0.075946 0.000000 0.000000 0.000000 1.000000
0.994617 0.052229 -0.089492 -0.025804 -0.045438 0.996048 0.076318 15.762965 0.093125 -0.071841 0.993059 0.076234 0.000000 0.000000 0.000000 1.000000
0.994671 0.052187 -0.088912 -0.028048 -0.045422 0.996036 0.076481 15.762865 0.092551 -0.072035 0.993099 0.075899 0.000000 0.000000 0.000000 1.000000
0.994715 0.052112 -0.088465 -0.029917 -0.045376 0.996035 0.076523 15.762734 0.092102 -0.072104 0.993136 0.074602 0.000000 0.000000 0.000000 1.000000
0.994754 0.052067 -0.088053 -0.031700 -0.045367 0.996040 0.076459 15.762497 0.091685 -0.072063 0.993177 0.072815 0.000000 0.000000 0.000000 1.000000
0.994794 0.052050 -0.087606 -0.033666 -0.045394 0.996049 0.076327 15.762196 0.091232 -0.071953 0.993227 0.071158 0.000000 0.000000 0.000000 1.000000
0.994827 0.051983 -0.087281 -0.035355 -0.045364 0.996061 0.076182 15.762043 0.090897 -0.071829 0.993267 0.069667 0.000000 0.000000 0.000000 1.000000
0.994841 0.051828 -0.087211 -0.036286 -0.045225 0.996078 0.076054 15.762197 0.090810 -0.071717 0.993282 0.068148 0.000000 0.000000 0.000000 1.000000
0.994843 0.051624 -0.087304 -0.036603 -0.045026 0.996096 0.075931 15.762543 0.090883 -0.071609 0.993284 0.066456 0.000000 0.000000 0.000000 1.000000
0.994845 0.051434 -0.087396 -0.036720 -0.044844 0.996116 0.075770 15.762818 0.090954 -0.071461 0.993288 0.064459 0.000000 0.000000 0.000000 1.000000
0.994848 0.051290 -0.087448 -0.036780 -0.044715 0.996139 0.075554 15.762913 0.090985 -0.071254 0.993300 0.062202 0.000000 0.000000 0.000000 1.000000
0.994846 0.051194 -0.087530 -0.036637 -0.044634 0.996159 0.075332 15.762905 0.091050 -0.071037 0.993309 0.059921 0.000000 0.000000 0.000000 1.000000
0.994835 0.051131 -0.087685 -0.036189 -0.044573 0.996173 0.075180 15.762949 0.091194 -0.070883 0.993307 0.057732 0.000000 0.000000 0.000000 1.000000
0.994822 0.051072 -0.087874 -0.035560 -0.044509 0.996183 0.075088 15.763121 0.091373 -0.070788 0.993298 0.055570 0.000000 0.000000 0.000000 1.000000
0.994810 0.051011 -0.088037 -0.034887 -0.044447 0.996194 0.074976 15.763387 0.091527 -0.070674 0.993292 0.053398 0.000000 0.000000 0.000000 1.000000
0.994800 0.050967 -0.088179 -0.034110 -0.044408 0.996209 0.074809 15.763590 0.091658 -0.070504 0.993292 0.051162 0.000000 0.000000 0.000000 1.000000
0.994786 0.050965 -0.088337 -0.032930 -0.044408 0.996219 0.074665 15.763572 0.091809 -0.070353 0.993288 0.048545 0.000000 0.000000 0.000000 1.000000
0.994772 0.051024 -0.088461 -0.031175 -0.044463 0.996221 0.074612 15.763325 0.091934 -0.070288 0.993281 0.045143 0.000000 0.000000 0.000000 1.000000
0.994769 0.051141 -0.088428 -0.029126 -0.044587 0.996219 0.074568 15.763069 0.091907 -0.070235 0.993288 0.040913 0.000000 0.000000 0.000000 1.000000
0.994782 0.051296 -0.088193 -0.027216 -0.044774 0.996223 0.074404 15.762956 0.091676 -0.070067 0.993321 0.036035 0.000000 0.000000 0.000000 1.000000
0.994799 0.051493 -0.087887 -0.025370 -0.045018 0.996232 0.074129 15.762923 0.091373 -0.069786 0.993368 0.030627 0.000000 0.000000 0.000000 1.000000
0.994800 0.051745 -0.087719 -0.023028 -0.045308 0.996240 0.073850 15.762963 0.091211 -0.069491 0.993404 0.024876 0.000000 0.000000 0.000000 1.000000
0.994777 0.052003 -0.087832 -0.019622 -0.045580 0.996244 0.073619 15.763253 0.091330 -0.069231 0.993411 0.019058 0.000000 0.000000 0.000000 1.000000
0.994732 0.052181 -0.088236 -0.015152 -0.045750 0.996253 0.073399 15.763843 0.091735 -0.068975 0.993392 0.013246 0.000000 0.000000 0.000000 1.000000
0.994678 0.052268 -0.088793 -0.010294 -0.045819 0.996266 0.073172 15.764505 0.092286 -0.068714 0.993359 0.007403 0.000000 0.000000 0.000000 1.000000
0.994629 0.052345 -0.089289 -0.005787 -0.045879 0.996276 0.072998 15.764973 0.092777 -0.068509 0.993327 0.001684 0.000000 0.000000 0.000000 1.000000
0.994593 0.052479 -0.089612 -0.001814 -0.046001 0.996279 0.072887 15.765156 0.093104 -0.068370 0.993306 -0.003773 0.000000 0.000000 0.000000 1.000000
0.994565 0.052661 -0.089814 0.001889 -0.046182 0.996281 0.072747 15.765141 0.093311 -0.068203 0.993298 -0.009090 0.000000 0.000000 0.000000 1.000000
0.994541 0.052851 -0.089971 0.005415 -0.046387 0.996291 0.072478 15.765105 0.093467 -0.067909 0.993304 -0.014327 0.000000 0.000000 0.000000 1.000000
0.994518 0.053024 -0.090122 0.008763 -0.046589 0.996310 0.072076 15.765242 0.093611 -0.067482 0.993319 -0.019319 0.000000 0.000000 0.000000 1.000000
0.994493 0.053173 -0.090314 0.012025 -0.046768 0.996335 0.071617 15.765636 0.093791 -0.066999 0.993335 -0.023934 0.000000 0.000000 0.000000 1.000000
0.994461 0.053298 -0.090592 0.015308 -0.046913 0.996358 0.071205 15.766190 0.094057 -0.066561 0.993339 -0.028288 0.000000 0.000000 0.000000 1.000000
0.994421 0.053413 -0.090961 0.018675 -0.047033 0.996374 0.070895 15.766706 0.094418 -0.066221 0.993328 -0.032684 0.000000 0.000000 0.000000 1.000000
0.994375 0.053540 -0.091386 0.022117 -0.047157 0.996387 0.070635 15.767165 0.094838 -0.065929 0.993307 -0.037334 0.000000 0.000000 0.000000 1.000000
0.994326 0.053695 -0.091829 0.025586 -0.047314 0.996403 0.070299 15.767673 0.095273 -0.065555 0.993290 -0.042115 0.000000 0.000000 0.000000 1.000000
0.994276 0.053849 -0.092278 0.029101 -0.047488 0.996430 0.069797 15.768280 0.095707 -0.065015 0.993284 -0.046698 0.000000 0.000000 0.000000 1.000000
0.994227 0.053949 -0.092746 0.032805 -0.047619 0.996468 0.069161 15.769029 0.096149 -0.064346 0.993285 -0.050895 0.000000 0.000000 0.000000 1.000000
0.994181 0.053975 -0.093228 0.036830 -0.047680 0.996512 0.068485 15.769997 0.096599 -0.063641 0.993287 -0.054678 0.000000 0.000000 0.000000 1.000000
0.994138 0.053968 -0.093682 0.041138 -0.047705 0.996554 0.067850 15.771166 0.097021 -0.062983 0.993287 -0.058053 0.000000 0.000000 0.000000 1.000000
0.994101 0.053974 -0.094073 0.045525 -0.047738 0.996589 0.067321 15.772334 0.097386 -0.062433 0.993287 -0.061159 0.000000 0.000000 0.000000 1.000000
0.994068 0.054008 -0.094401 0.049873 -0.047788 0.996611 0.066950 15.773254 0.097697 -0.062042 0.993281 -0.064297 0.000000 0.000000 0.000000 1.000000
0.994039 0.054062 -0.094672 0.054187 -0.047846 0.996622 0.066743 15.773830 0.097961 -0.061815 0.993269 -0.067632 0.000000 0.000000 0.000000 1.000000
0.994016 0.054135 -0.094875 0.058450 -0.047914 0.996624 0.066666 15.774139 0.098164 -0.061721 0.993254 -0.071034 0.000000 0.000000 0.000000 1.000000
0.994001 0.054237 -0.094978 0.062540 -0.048007 0.996617 0.066703 15.774298 0.098275 -0.061743 0.993242 -0.074256 0.000000 0.000000 0.000000 1.000000
0.993994 0.054362 -0.094973 0.066258 -0.048117 0.996602 0.066855 15.774386 0.098284 -0.061884 0.993232 -0.077071 0.000000 0.000000 0.000000 1.000000
0.993997 0.054492 -0.094874 0.069514 -0.048228 0.996579 0.067111 15.774446 0.098207 -0.062132 0.993225 -0.079311 0.000000 0.000000 0.000000 1.000000
0.994009 0.054633 -0.094666 0.072470 -0.048351 0.996552 0.067426 15.774506 0.098023 -0.062445 0.993223 -0.081057 0.000000 0.000000 0.000000 1.000000
0.994032 0.054799 -0.094325 0.075433 -0.048507 0.996522 0.067756 15.774595 0.097710 -0.062776 0.993233 -0.082619 0.000000 0.000000 0.000000 1.000000
0.994062 0.054970 -0.093914 0.078519 -0.048672 0.996491 0.068087 15.774753 0.097327 -0.063111 0.993249 -0.084176 0.000000 0.000000 0.000000 1.000000
0.994085 0.055103 -0.093588 0.081641 -0.048790 0.996461 0.068448 15.774936 0.097029 -0.063477 0.993255 -0.085709 0.000000 0.000000 0.000000 1.000000
0.994092 0.055190 -0.093460 0.084790 -0.048846 0.996430 0.068863 15.774950 0.096927 -0.063891 0.993239 -0.087264 0.000000 0.000000 0.000000 1.000000
0.994088 0.055248 -0.093472 0.088053 -0.048856 0.996396 0.069343 15.774721 0.096966 -0.064367 0.993204 -0.088950 0.000000 0.000000 0.000000 1.000000
0.994089 0.055277 -0.093448 0.091381 -0.048835 0.996359 0.069879 15.774335 0.096970 -0.064902 0.993169 -0.090775 0.000000 0.000000 0.000000 1.000000
0.994107 0.055294 -0.093240 0.094543 -0.048814 0.996324 0.070401 15.773912 0.096790 -0.065434 0.993152 -0.092650 0.000000 0.000000 0.000000 1.000000
0.994141 0.055346 -0.092846 0.097247 -0.048849 0.996290 0.070850 15.773507 0.096423 -0.065899 0.993157 -0.094492 0.000000 0.000000 0.000000 1.000000
0.994177 0.055461 -0.092395 0.099451 -0.048960 0.996259 0.071211 15.773217 0.095999 -0.066273 0.993173 -0.096255 0.000000 0.000000 0.000000 1.000000
0.994207 0.055591 -0.091994 0.101315 -0.049096 0.996237 0.071425 15.773072 0.095619 -0.066495 0.993195 -0.097876 0.000000 0.000000 0.000000 1.000000
0.994234 0.055675 -0.091650 0.102918 -0.049205 0.996233 0.071406 15.772995 0.095280 -0.066484 0.993228 -0.099303 0.000000 0.000000 0.000000 1.000000
0.994261 0.055727 -0.091326 0.104167 -0.049305 0.996247 0.071134 15.772935 0.094947 -0.066223 0.993277 -0.100653 0.000000 0.000000 0.000000 1.000000
0.994284 0.055813 -0.091014 0.105006 -0.049457 0.996274 0.070658 15.772913 0.094618 -0.065753 0.993340 -0.102109 0.000000 0.000000 0.000000 1.000000
0.994302 0.055951 -0.090741 0.105536 -0.049671 0.996306 0.070051 15.772924 0.094325 -0.065144 0.993408 -0.103571 0.000000 0.000000 0.000000 1.000000
0.994314 0.056104 -0.090513 0.105832 -0.049902 0.996341 0.069389 15.772896 0.094075 -0.064478 0.993475 -0.104640 0.000000 0.000000 0.000000 1.000000
0.994326 0.056247 -0.090289 0.105874 -0.050120 0.996374 0.068759 15.772808 0.093829 -0.063844 0.993539 -0.105061 0.000000 0.000000 0.000000 1.000000
0.994340 0.056395 -0.090039 0.105519 -0.050332 0.996399 0.068239 15.772757 0.093563 -0.063321 0.993598 -0.104924 0.000000 0.000000 0.000000 1.000000
0.994353 0.056560 -0.089790 0.104565 -0.050549 0.996413 0.067867 15.772751 0.093307 -0.062945 0.993646 -0.104277 0.000000 0.000000 0.000000 1.000000
0.994362 0.056715 -0.089595 0.103068 -0.050740 0.996420 0.067622 15.772648 0.093109 -0.062695 0.993680 -0.102901 0.000000 0.000000 0.000000 1.000000
0.994365 0.056809 -0.089510 0.101335 -0.050857 0.996427 0.067434 15.772444 0.093021 -0.062502 0.993700 -0.100602 0.000000 0.000000 0.000000 1.000000
0.994359 0.056828 -0.089563 0.099564 -0.050892 0.996439 0.067222 15.772343 0.093064 -0.062285 0.993710 -0.097530 0.000000 0.000000 0.000000 1.000000
0.994343 0.056823 -0.089740 0.097651 -0.050900 0.996457 0.066958 15.772421 0.093227 -0.062011 0.993712 -0.094069 0.000000 0.000000 0.000000 1.000000
0.994320 0.056848 -0.089978 0.095359 -0.050937 0.996474 0.066678 15.772509 0.093451 -0.061716 0.993709 -0.090427 0.000000 0.000000 0.000000 1.000000
0.994296 0.056907 -0.090204 0.092546 -0.051007 0.996487 0.066424 15.772449 0.093667 -0.061444 0.993706 -0.086466 0.000000 0.000000 0.000000 1.000000
