<?xml version="1.0" encoding="utf-8"?>
<COLLADA xmlns="http://www.collada.org/2005/11/COLLADASchema" version="1.4.1">
  <asset><contributor><author>Mixamo</author><authoring_tool>COLLADA Mixamo exporter</authoring_tool><comments></comments></contributor><created>2015-09-17T20:13:52Z</created><modified>2015-09-17T20:13:52Z</modified><revision></revision><title></title><unit meter="0.010000"/><up_axis>Y_UP</up_axis></asset>
  <library_animations>
    <animation id="mixamorig_Hips-anim" name="mixamorig_Hips"><source id="mixamorig_Hips-Matrix-animation-input"><float_array id="mixamorig_Hips-Matrix-animation-input-array" count="32">

0.000000 0.033333 0.066667 0.100000 0.133333 0.166667 0.200000 0.233333 0.266667 0.300000 0.333333 0.366667 0.400000 0.433333 0.466667 0.500000
0.533333 0.566667 0.600000 0.633333 0.666667 0.700000 0.733333 0.766667 0.800000 0.833333 0.866667 0.900000 0.933333 0.966667 1.000000 1.033333</float_array><technique_common><accessor source="#mixamorig_Hips-Matrix-animation-input-array" count="32"><param name="TIME" type="float"/></accessor></technique_common></source><source id="mixamorig_Hips-Matrix-animation-output-transform"><float_array id="mixamorig_Hips-Matrix-animation-output-transform-array" count="512">

0.999327 -0.015141 0.033402 -0.008486 0.016271 0.999295 -0.033835 15.821643 -0.032866 0.034355 0.998869 -0.033881 0.000000 0.000000 0.000000 1.000000
0.999562 -0.015630 0.025141 0.017288 0.016732 0.998881 -0.044236 15.881169 -0.024422 0.044637 0.998705 -0.100826 0.000000 0.000000 0.000000 1.000000
0.999884 -0.005716 0.014141 0.059954 0.006493 0.998437 -0.055511 15.811342 -0.013801 0.055596 0.998358 -0.147782 0.000000 0.000000 0.000000 1.000000
0.999736 0.021938 -0.006819 0.121789 -0.022326 0.997744 -0.063320 15.621553 0.005414 0.063456 0.997970 -0.162805 0.000000 0.000000 0.000000 1.000000
0.998248 0.048287 -0.034188 0.180839 -0.050465 0.996541 -0.066020 15.343397 0.030882 0.067630 0.997232 -0.136116 0.000000 0.000000 0.000000 1.000000
0.996873 0.057725 -0.053969 0.231129 -0.061386 0.995738 -0.068835 15.055096 0.049766 0.071932 0.996167 -0.118122 0.000000 0.000000 0.000000 1.000000
0.996350 0.055692 -0.064690 0.282367 -0.060145 0.995798 -0.069058 14.826489 0.060572 0.072697 0.995513 -0.131252 0.000000 0.000000 0.000000 1.000000
0.997299 0.041799 -0.060393 0.340512 -0.045002 0.997596 -0.052691 14.654270 0.058045 0.055267 0.996783 -0.071162 0.000000 0.000000 0.000000 1.000000
0.998250 0.031470 -0.050066 0.429031 -0.033483 0.998643 -0.039883 14.570707 0.048743 0.041490 0.997949 0.078416 0.000000 0.000000 0.000000 1.000000
0.998979 0.023162 -0.038800 0.531997 -0.024269 0.999304 -0.028313 14.568460 0.038117 0.029226 0.998846 0.209989 0.000000 0.000000 0.000000 1.000000
0.999464 0.019819 -0.026051 0.630841 -0.020292 0.999632 -0.018026 14.625486 0.025684 0.018544 0.999498 0.309372 0.000000 0.000000 0.000000 1.000000
0.999758 0.018547 -0.011859 0.727711 -0.018654 0.999785 -0.009043 14.718586 0.011689 0.009262 0.999889 0.358523 0.000000 0.000000 0.000000 1.000000
0.999861 0.016522 0.002076 0.802029 -0.016519 0.999863 -0.001357 14.860476 -0.002098 0.001322 0.999997 0.349276 0.000000 0.000000 0.000000 1.000000
0.999774 0.014359 0.015665 0.829635 -0.014439 0.999883 0.005012 15.078981 -0.015591 -0.005237 0.999865 0.301620 0.000000 0.000000 0.000000 1.000000
0.999506 0.012144 0.028993 0.814177 -0.012440 0.999872 0.010054 15.319510 -0.028867 -0.010409 0.999529 0.232344 0.000000 0.000000 0.000000 1.000000
0.999083 0.008648 0.041922 0.764812 -0.009233 0.999862 0.013777 15.514804 -0.041797 -0.014151 0.999026 0.182988 0.000000 0.000000 0.000000 1.000000
0.998503 0.003988 0.054543 0.714638 -0.004747 0.999893 0.013802 15.658682 -0.054482 -0.014040 0.998416 0.156262 0.000000 0.000000 0.000000 1.000000
0.997793 -0.001511 0.066380 0.666980 0.000886 0.999955 0.009431 15.704790 -0.066392 -0.009351 0.997750 0.130006 0.000000 0.000000 0.000000 1.000000
0.996946 -0.008491 0.077636 0.612071 0.008547 0.999963 -0.000390 15.640816 -0.077630 0.001053 0.996982 0.115710 0.000000 0.000000 0.000000 1.000000
0.995021 -0.029069 0.095334 0.534378 0.030447 0.999452 -0.013025 15.491590 -0.094903 0.015863 0.995360 0.145927 0.000000 0.000000 0.000000 1.000000
0.992178 -0.047864 0.115295 0.456265 0.051263 0.998328 -0.026698 15.257797 -0.113824 0.032400 0.992972 0.205988 0.000000 0.000000 0.000000 1.000000
0.990118 -0.057996 0.127680 0.385779 0.063863 0.997060 -0.042344 15.006067 -0.124849 0.050080 0.990911 0.227737 0.000000 0.000000 0.000000 1.000000
0.990286 -0.052914 0.128586 0.308131 0.059128 0.997236 -0.044994 14.782665 -0.125849 0.052160 0.990677 0.247271 0.000000 0.000000 0.000000 1.000000
0.992563 -0.031203 0.117668 0.222679 0.035045 0.998913 -0.030723 14.627792 -0.116581 0.034618 0.992578 0.328826 0.000000 0.000000 0.000000 1.000000
0.994334 -0.016452 0.105022 0.125055 0.019320 0.999466 -0.026350 14.582788 -0.104533 0.028229 0.994121 0.427239 0.000000 0.000000 0.000000 1.000000
0.995643 -0.010821 0.092614 0.023641 0.013215 0.999593 -0.025281 14.615629 -0.092303 0.026395 0.995381 0.518408 0.000000 0.000000 0.000000 1.000000
0.996738 -0.010588 0.080004 -0.084400 0.012769 0.999559 -0.026802 14.742773 -0.079685 0.027736 0.996434 0.560970 0.000000 0.000000 0.000000 1.000000
0.997600 -0.012162 0.068169 -0.167368 0.014223 0.999454 -0.029821 14.913151 -0.067769 0.030719 0.997228 0.490337 0.000000 0.000000 0.000000 1.000000
0.998216 -0.013988 0.058049 -0.186457 0.015934 0.999322 -0.033203 15.139935 -0.057545 0.034069 0.997761 0.372549 0.000000 0.000000 0.000000 1.000000
0.998668 -0.016091 0.049017 -0.145254 0.017856 0.999200 -0.035794 15.400980 -0.048402 0.036622 0.998156 0.256324 0.000000 0.000000 0.000000 1.000000
0.999019 -0.016816 0.040958 -0.076017 0.018311 0.999169 -0.036404 15.644379 -0.040312 0.037119 0.998497 0.118966 0.000000 0.000000 0.000000 1.000000
0.999327 -0.015141 0.033402 -0.008486 0.016271 0.999295 -0.033835 15.821643 -0.032866 0.034355 0.998869 -0.033881 0.000000 0.000000 0.000000 1.000000</float_array><technique_common><accessor source="#mixamorig_Hips-Matrix-animation-output-transform-array" count="32" stride="16"><param type="float4x4"/></accessor></technique_common></source><source id="mixamorig_Hips-Interpolations"><Name_array id="mixamorig_Hips-Interpolations-array" count="32">
 LINEAR LINEAR LINEAR LINEAR LINEAR LINEAR LINEAR LINEAR LINEAR LINEAR LINEAR
LINEAR LINEAR LINEAR LINEAR LINEAR LINEAR LINEAR LINEAR LINEAR LINEAR LINEAR LINEAR
LINEAR LINEAR LINEAR LINEAR LINEAR LINEAR LINEAR LINEAR LINEAR</Name_array><technique_common><accessor source="#mixamorig_Hips-Interpolations-array" count="32"><param type="name"/></accessor></technique_common></source><sampler id="mixamorig_Hips-Matrix-animation-transform"><input semantic="INPUT" source="#mixamorig_Hips-Matrix-animation-input"/><input semantic="OUTPUT" source="#mixamorig_Hips-Matrix-animation-output-transform"/><input semantic="INTERPOLATION" source="#mixamorig_Hips-Interpolations"/></sampler><channel source="#mixamorig_Hips-Matrix-animation-transform" target="mixamorig_Hips/matrix"/></animation>
    <animation id="mixamorig_Spine-anim" name="mixamorig_Spine"><source id="mixamorig_Spine-Matrix-animation-input"><float_array id="mixamorig_Spine-Matrix-animation-input-array" count="32">

0.000000 0.033333 0.066667 0.100000 0.133333 0.166667 0.200000 0.233333 0.266667 0.300000 0.333333 0.366667 0.400000 0.433333 0.466667 0.500000
0.533333 0.566667 0.600000 0.633333 0.666667 0.700000 0.733333 0.766667 0.800000 0.833333 0.866667 0.900000 0.933333 0.966667 1.000000 1.033333</float_array><technique_common><accessor source="#mixamorig_Spine-Matrix-animation-input-array" count="32"><param name="TIME" type="float"/></accessor></technique_common></source><source id="mixamorig_Spine-Matrix-animation-output-transform"><float_array id="mixamorig_Spine-Matrix-animation-output-transform-array" count="512">

0.999569 0.017006 -0.023923 0.000000 -0.019549 0.993691 -0.110439 2.108600 0.021894 0.110859 0.993595 0.007000 0.000000 0.000000 0.000000 1.000000
0.999794 0.018535 -0.008237 0.000000 -0.019291 0.994403 -0.103882 2.108600 0.006265 0.104019 0.994556 0.007000 0.000000 0.000000 0.000000 1.000000
0.999944 0.003285 0.010076 0.000000 -0.002298 0.995342 -0.096376 2.108600 -0.010346 0.096347 0.995294 0.007000 0.000000 0.000000 0.000000 1.000000
0.998504 -0.038309 0.039021 -0.000000 0.041578 0.995365 -0.086717 2.108600 -0.035518 0.088209 0.995469 0.007000 0.000000 0.000000 0.000000 1.000000
0.995444 -0.071328 0.063279 0.000000 0.075984 0.994321 -0.074519 2.108600 -0.057605 0.078988 0.995210 0.007000 0.000000 0.000000 0.000000 1.000000
0.994749 -0.075063 0.069575 -0.000000 0.079614 0.994696 -0.065126 2.108600 -0.064317 0.070323 0.995449 0.007000 0.000000 0.000000 0.000000 1.000000
0.995344 -0.061274 0.074398 -0.000000 0.066146 0.995698 -0.064884 2.108600 -0.070102 0.069503 0.995116 0.007000 0.000000 0.000000 0.000000 1.000000
0.996462 -0.032591 0.077465 -0.000000 0.038275 0.996593 -0.073058 2.108600 -0.074820 0.075764 0.994315 0.007000 0.000000 0.000000 0.000000 1.000000
0.997109 -0.009680 0.075363 0.000000 0.014644 0.997739 -0.065586 2.108600 -0.074558 0.066500 0.994997 0.007000 0.000000 0.000000 0.000000 1.000000
0.997517 0.014037 0.069015 0.000000 -0.009644 0.997930 -0.063588 2.108600 -0.069765 0.062764 0.995587 0.007000 0.000000 0.000000 0.000000 1.000000
0.997538 0.021067 0.066891 -0.000000 -0.016521 0.997562 -0.067797 2.108600 -0.068156 0.066525 0.995454 0.007000 0.000000 0.000000 0.000000 1.000000
0.998475 0.017067 0.052502 0.000000 -0.013201 0.997236 -0.073112 2.108600 -0.053605 0.072308 0.995941 0.007000 0.000000 0.000000 0.000000 1.000000
0.999792 0.008234 0.018671 0.000000 -0.006722 0.996799 -0.079668 2.108600 -0.019268 0.079526 0.996647 0.007000 0.000000 0.000000 0.000000 1.000000
0.999887 -0.000676 -0.015036 0.000000 -0.000633 0.996219 -0.086879 2.108600 0.015038 0.086879 0.996105 0.007000 0.000000 0.000000 0.000000 1.000000
0.999272 -0.005139 -0.037803 0.000000 0.001645 0.995769 -0.091880 2.108600 0.038116 0.091751 0.995052 0.007000 0.000000 0.000000 0.000000 1.000000
0.998404 -0.000467 -0.056468 0.000000 -0.004691 0.995822 -0.091191 2.108600 0.056274 0.091310 0.994231 0.007000 0.000000 0.000000 0.000000 1.000000
0.997181 0.004788 -0.074886 0.000000 -0.011452 0.995983 -0.088810 2.108600 0.074160 0.089418 0.993229 0.007000 0.000000 0.000000 0.000000 1.000000
0.995833 0.009762 -0.090671 0.000000 -0.018008 0.995728 -0.090567 2.108600 0.089400 0.091823 0.991754 0.007000 0.000000 0.000000 0.000000 1.000000
0.994510 0.019558 -0.102794 -0.000000 -0.028936 0.995472 -0.090544 2.108600 0.100558 0.093021 0.990573 0.007000 0.000000 0.000000 0.000000 1.000000
0.991402 0.051332 -0.120365 -0.000000 -0.061460 0.994736 -0.081998 2.108600 0.115523 0.088691 0.989337 0.007000 0.000000 0.000000 0.000000 1.000000
0.988210 0.077563 -0.132003 0.000000 -0.087042 0.993907 -0.067621 2.108600 0.125954 0.078313 0.988940 0.007000 0.000000 0.000000 0.000000 1.000000
0.988319 0.080499 -0.129401 0.000000 -0.088516 0.994417 -0.057439 2.108600 0.124055 0.068222 0.989927 0.007000 0.000000 0.000000 0.000000 1.000000
0.990632 0.065761 -0.119681 0.000000 -0.073549 0.995372 -0.061852 2.108600 0.115059 0.070075 0.990884 0.007000 0.000000 0.000000 0.000000 1.000000
0.993554 0.033607 -0.108266 0.000000 -0.042028 0.996187 -0.076460 2.108600 0.105284 0.080517 0.991177 0.007000 0.000000 0.000000 0.000000 1.000000
0.993878 0.006641 -0.110281 0.000000 -0.015104 0.996987 -0.076081 2.108600 0.109444 0.077281 0.990984 0.007000 0.000000 0.000000 0.000000 1.000000
0.992654 0.001142 -0.120982 0.000000 -0.009892 0.997374 -0.071746 2.108600 0.120582 0.072416 0.990059 0.007000 0.000000 0.000000 0.000000 1.000000
0.993554 0.008583 -0.113031 0.000000 -0.016473 0.997477 -0.069055 2.108600 0.112153 0.070472 0.991189 0.007000 0.000000 0.000000 0.000000 1.000000
0.996249 0.019783 -0.084235 -0.000000 -0.026248 0.996736 -0.076340 2.108600 0.082450 0.078265 0.993517 0.007000 0.000000 0.000000 0.000000 1.000000
0.997996 0.026351 -0.057521 0.000000 -0.031188 0.995903 -0.084879 2.108600 0.055049 0.086503 0.994730 0.007000 0.000000 0.000000 0.000000 1.000000
0.998794 0.026793 -0.041142 0.000000 -0.030375 0.995564 -0.089047 2.108600 0.038574 0.090189 0.995177 0.007000 0.000000 0.000000 0.000000 1.000000
0.999249 0.023050 -0.031150 -0.000000 -0.025954 0.995016 -0.096279 2.108600 0.028775 0.097016 0.994867 0.007000 0.000000 0.000000 0.000000 1.000000
0.999569 0.017006 -0.023923 0.000000 -0.019549 0.993691 -0.110439 2.108600 0.021894 0.110859 0.993595 0.007000 0.000000 0.000000 0.000000 1.000000</float_array><technique_common><accessor source="#mixamorig_Spine-Matrix-animation-output-transform-array" count="32" stride="16"><param type="float4x4"/></accessor></technique_common></source><source id="mixamorig_Spine-Interpolations"><Name_array id="mixamorig_Spine-Interpolations-array" count="32">
 LINEAR LINEAR LINEAR LINEAR LINEAR LINEAR LINEAR LINEAR LINEAR LINEAR LINEAR
LINEAR LINEAR LINEAR LINEAR LINEAR LINEAR LINEAR LINEAR LINEAR LINEAR LINEAR LINEAR
LINEAR LINEAR LINEAR LINEAR LINEAR LINEAR LINEAR LINEAR LINEAR</Name_array><technique_common><accessor source="#mixamorig_Spine-Interpolations-array" count="32"><param type="name"/></accessor></technique_common></source><sampler id="mixamorig_Spine-Matrix-animation-transform"><input semantic="INPUT" source="#mixamorig_Spine-Matrix-animation-input"/><input semantic="OUTPUT" source="#mixamorig_Spine-Matrix-animation-output-transform"/><input semantic="INTERPOLATION" source="#mixamorig_Spine-Interpolations"/></sampler><channel source="#mixamorig_Spine-Matrix-animation-transform" target="mixamorig_Spine/matrix"/></animation>
    <animation id="mixamorig_Spine1-anim" name="mixamorig_Spine1"><source id="mixamorig_Spine1-Matrix-animation-input"><float_array id="mixamorig_Spine1-Matrix-animation-input-array" count="32">

0.000000 0.033333 0.066667 0.100000 0.133333 0.166667 0.200000 0.233333 0.266667 0.300000 0.333333 0.366667 0.400000 0.433333 0.466667 0.500000
0.533333 0.566667 0.600000 0.633333 0.666667 0.700000 0.733333 0.766667 0.800000 0.833333 0.866667 0.900000 0.933333 0.966667 1.000000 1.033333</float_array><technique_common><accessor source="#mixamorig_Spine1-Matrix-animation-input-array" count="32"><param name="TIME" type="float"/></accessor></technique_common></source><source id="mixamorig_Spine1-Matrix-animation-output-transform"><float_array id="mixamorig_Spine1-Matrix-animation-output-transform-array" count="512">

0.998877 -0.021629 -0.042143 0.000000 0.019791 0.998855 -0.043551 2.460000 0.043037 0.042668 0.998162 0.000000 0.000000 0.000000 0.000000 1.000000
0.999414 -0.011909 -0.032083 0.000000 0.010655 0.999184 -0.038966 2.460000 0.032521 0.038601 0.998725 -0.000000 0.000000 0.000000 0.000000 1.000000
0.999764 0.000518 -0.021711 0.000000 -0.001281 0.999382 -0.035129 2.460000 0.021679 0.035149 0.999147 0.000000 0.000000 0.000000 0.000000 1.000000
0.999771 0.018065 -0.011443 0.000000 -0.018445 0.999250 -0.034039 2.460000 0.010819 0.034242 0.999355 0.000000 0.000000 0.000000 0.000000 1.000000
0.999523 0.030891 0.000413 -0.000000 -0.030858 0.998911 -0.034992 2.460000 -0.001494 0.034962 0.999388 0.000000 0.000000 0.000000 0.000000 1.000000
0.999336 0.033130 0.015169 0.000000 -0.032583 0.998855 -0.035020 2.460000 -0.016312 0.034502 0.999272 0.000000 0.000000 0.000000 0.000000 1.000000
0.999084 0.030819 0.029700 0.000000 -0.029761 0.998928 -0.035444 2.460000 -0.030760 0.034528 0.998930 -0.000000 0.000000 0.000000 0.000000 1.000000
0.998768 0.029144 0.040158 0.000000 -0.027660 0.998932 -0.037022 2.460000 -0.041194 0.035866 0.998507 0.000000 0.000000 0.000000 0.000000 1.000000
0.998661 0.025268 0.045136 0.000000 -0.023757 0.999149 -0.033704 2.460000 -0.045949 0.032587 0.998412 -0.000000 0.000000 0.000000 0.000000 1.000000
0.998998 0.013786 0.042590 0.000000 -0.012686 0.999582 -0.025985 2.460000 -0.042931 0.025418 0.998755 0.000000 0.000000 0.000000 0.000000 1.000000
0.999347 0.012469 0.033906 0.000000 -0.011718 0.999684 -0.022243 2.460000 -0.034172 0.021832 0.999177 0.000000 0.000000 0.000000 0.000000 1.000000
0.999562 0.012698 0.026730 0.000000 -0.012096 0.999672 -0.022561 2.460000 -0.027008 0.022227 0.999388 0.000000 0.000000 0.000000 0.000000 1.000000
0.999796 0.009803 0.017647 0.000000 -0.009336 0.999608 -0.026383 2.460000 -0.017899 0.026213 0.999496 0.000000 0.000000 0.000000 0.000000 1.000000
0.999977 0.006715 0.000941 0.000000 -0.006683 0.999497 -0.030990 2.460000 -0.001149 0.030983 0.999519 0.000000 0.000000 0.000000 0.000000 1.000000
0.999805 0.004352 -0.019249 0.000000 -0.004991 0.999433 -0.033289 2.460000 0.019094 0.033379 0.999260 0.000000 0.000000 0.000000 0.000000 1.000000
0.999306 -0.002132 -0.037183 0.000000 0.000854 0.999409 -0.034356 2.460000 0.037234 0.034300 0.998718 -0.000000 0.000000 0.000000 0.000000 1.000000
0.998479 -0.009887 -0.054233 -0.000000 0.007957 0.999331 -0.035684 2.460000 0.054549 0.035198 0.997890 0.000000 0.000000 0.000000 0.000000 1.000000
0.997222 -0.018561 -0.072143 0.000000 0.015952 0.999204 -0.036574 2.460000 0.072764 0.035321 0.996724 0.000000 0.000000 0.000000 0.000000 1.000000
0.995594 -0.030272 -0.088746 -0.000000 0.026977 0.998910 -0.038094 2.460000 0.089803 0.035532 0.995326 0.000000 0.000000 0.000000 0.000000 1.000000
0.993593 -0.046570 -0.102978 -0.000000 0.042315 0.998173 -0.043123 2.460000 0.104798 0.038489 0.993748 0.000000 0.000000 0.000000 0.000000 1.000000
0.991398 -0.057568 -0.117539 -0.000000 0.052316 0.997510 -0.047293 2.460000 0.119968 0.040737 0.991942 0.000000 0.000000 0.000000 0.000000 1.000000
0.989758 -0.057384 -0.130718 -0.000000 0.051777 0.997603 -0.045901 2.460000 0.133038 0.038663 0.990357 -0.000000 0.000000 0.000000 0.000000 1.000000
0.988911 -0.055151 -0.137892 0.000000 0.049333 0.997756 -0.045263 2.460000 0.140079 0.037958 0.989412 0.000000 0.000000 0.000000 0.000000 1.000000
0.988725 -0.054189 -0.139595 0.000000 0.048098 0.997753 -0.046648 2.460000 0.141809 0.039408 0.989109 0.000000 0.000000 0.000000 0.000000 1.000000
0.989519 -0.047583 -0.136334 0.000000 0.042133 0.998204 -0.042585 2.460000 0.138116 0.036394 0.989747 0.000000 0.000000 0.000000 0.000000 1.000000
0.990498 -0.050069 -0.128086 0.000000 0.045046 0.998109 -0.041818 2.460000 0.129938 0.035651 0.990881 0.000000 0.000000 0.000000 0.000000 1.000000
0.991362 -0.049544 -0.121436 -0.000000 0.044900 0.998163 -0.040688 2.460000 0.123229 0.034884 0.991765 -0.000000 0.000000 0.000000 0.000000 1.000000
0.992642 -0.046293 -0.111887 0.000000 0.041902 0.998268 -0.041286 2.460000 0.113605 0.036294 0.992863 0.000000 0.000000 0.000000 0.000000 1.000000
0.994686 -0.041672 -0.094144 0.000000 0.037633 0.998310 -0.044283 2.460000 0.095830 0.040505 0.994573 0.000000 0.000000 0.000000 0.000000 1.000000
0.996778 -0.035024 -0.072164 -0.000000 0.031717 0.998416 -0.046470 2.460000 0.073678 0.044032 0.996310 0.000000 0.000000 0.000000 0.000000 1.000000
0.998163 -0.028239 -0.053594 0.000000 0.025785 0.998611 -0.045949 2.460000 0.054817 0.044482 0.997505 0.000000 0.000000 0.000000 0.000000 1.000000
0.998877 -0.021629 -0.042143 0.000000 0.019791 0.998855 -0.043551 2.460000 0.043037 0.042668 0.998162 0.000000 0.000000 0.000000 0.000000 1.000000</float_array><technique_common><accessor source="#mixamorig_Spine1-Matrix-animation-output-transform-array" count="32" stride="16"><param type="float4x4"/></accessor></technique_common></source><source id="mixamorig_Spine1-Interpolations"><Name_array id="mixamorig_Spine1-Interpolations-array" count="32">
 LINEAR LINEAR LINEAR LINEAR LINEAR LINEAR LINEAR LINEAR LINEAR LINEAR LINEAR
LINEAR LINEAR LINEAR LINEAR LINEAR LINEAR LINEAR LINEAR LINEAR LINEAR LINEAR LINEAR
LINEAR LINEAR LINEAR LINEAR LINEAR LINEAR LINEAR LINEAR LINEAR</Name_array><technique_common><accessor source="#mixamorig_Spine1-Interpolations-array" count="32"><param type="name"/></accessor></technique_common></source><sampler id="mixamorig_Spine1-Matrix-animation-transform"><input semantic="INPUT" source="#mixamorig_Spine1-Matrix-animation-input"/><input semantic="OUTPUT" source="#mixamorig_Spine1-Matrix-animation-output-transform"/><input semantic="INTERPOLATION" source="#mixamorig_Spine1-Interpolations"/></sampler><channel source="#mixamorig_Spine1-Matrix-animation-transform" target="mixamorig_Spine1/matrix"/></animation>
    <animation id="mixamorig_Spine2-anim" name="mixamorig_Spine2"><source id="mixamorig_Spine2-Matrix-animation-input"><float_array id="mixamorig_Spine2-Matrix-animation-input-array" count="32">

0.000000 0.033333 0.066667 0.100000 0.133333 0.166667 0.200000 0.233333 0.266667 0.300000 0.333333 0.366667 0.400000 0.433333 0.466667 0.500000
0.533333 0.566667 0.600000 0.633333 0.666667 0.700000 0.733333 0.766667 0.800000 0.833333 0.866667 0.900000 0.933333 0.966667 1.000000 1.033333</float_array><technique_common><accessor source="#mixamorig_Spine2-Matrix-animation-input-array" count="32"><param name="TIME" type="float"/></accessor></technique_common></source><source id="mixamorig_Spine2-Matrix-animation-output-transform"><float_array id="mixamorig_Spine2-Matrix-animation-output-transform-array" count="512">

0.998867 -0.023539 -0.041366 -0.000000 0.021754 0.998834 -0.043087 2.811400 0.042332 0.042139 0.998215 0.000000 0.000000 0.000000 0.000000 1.000000
0.999418 -0.013536 -0.031320 0.000000 0.012321 0.999176 -0.038670 2.811400 0.031818 0.038262 0.998761 -0.000000 0.000000 0.000000 0.000000 1.000000
0.999776 -0.000849 -0.021147 0.000000 0.000112 0.999393 -0.034842 2.811400 0.021163 0.034832 0.999169 0.000000 0.000000 0.000000 0.000000 1.000000
0.999792 0.016971 -0.011315 0.000000 -0.017340 0.999292 -0.033378 2.811400 0.010740 0.033567 0.999379 0.000000 0.000000 0.000000 0.000000 1.000000
0.999544 0.030190 0.000155 -0.000000 -0.030167 0.998976 -0.033707 2.811400 -0.001173 0.033687 0.999432 0.000000 0.000000 0.000000 0.000000 1.000000
0.999353 0.032806 0.014769 0.000000 -0.032295 0.998913 -0.033622 2.811400 -0.015856 0.033124 0.999325 0.000000 0.000000 0.000000 0.000000 1.000000
0.999094 0.030929 0.029226 -0.000000 -0.029919 0.998960 -0.034405 2.811400 -0.030260 0.033499 0.998981 0.000000 0.000000 0.000000 0.000000 1.000000
0.998769 0.029792 0.039661 0.000000 -0.028363 0.998945 -0.036123 2.811400 -0.040695 0.034954 0.998560 0.000000 0.000000 0.000000 0.000000 1.000000
0.998654 0.025784 0.045001 -0.000000 -0.024315 0.999163 -0.032881 2.811400 -0.045811 0.031742 0.998446 -0.000000 0.000000 0.000000 0.000000 1.000000
0.998979 0.013499 0.043114 -0.000000 -0.012396 0.999592 -0.025739 2.811400 -0.043444 0.025178 0.998739 -0.000000 0.000000 0.000000 0.000000 1.000000
0.999329 0.011696 0.034695 -0.000000 -0.010948 0.999705 -0.021682 2.811400 -0.034939 0.021288 0.999163 -0.000000 0.000000 0.000000 0.000000 1.000000
0.999546 0.012017 0.027629 0.000000 -0.011418 0.999699 -0.021732 2.811400 -0.027882 0.021407 0.999382 0.000000 0.000000 0.000000 0.000000 1.000000
0.999783 0.009438 0.018556 -0.000000 -0.008960 0.999630 -0.025683 2.811400 -0.018791 0.025511 0.999498 0.000000 0.000000 0.000000 0.000000 1.000000
0.999978 0.006329 0.001784 -0.000000 -0.006271 0.999512 -0.030605 2.811400 -0.001977 0.030593 0.999530 0.000000 0.000000 0.000000 0.000000 1.000000
0.999823 0.003571 -0.018478 -0.000000 -0.004184 0.999439 -0.033235 2.811400 0.018349 0.033307 0.999277 -0.000000 0.000000 0.000000 0.000000 1.000000
0.999331 -0.003402 -0.036426 0.000000 0.002149 0.999407 -0.034373 2.811400 0.036521 0.034272 0.998745 0.000000 0.000000 0.000000 0.000000 1.000000
0.998501 -0.011689 -0.053474 0.000000 0.009798 0.999322 -0.035501 2.811400 0.053853 0.034924 0.997938 -0.000000 0.000000 0.000000 0.000000 1.000000
0.997233 -0.020812 -0.071361 0.000000 0.018273 0.999183 -0.036055 2.811400 0.072053 0.034652 0.996799 0.000000 0.000000 0.000000 0.000000 1.000000
0.995594 -0.032858 -0.087825 0.000000 0.029717 0.998879 -0.036834 2.811400 0.088937 0.034062 0.995455 0.000000 0.000000 0.000000 0.000000 1.000000
0.993575 -0.049729 -0.101662 0.000000 0.045834 0.998136 -0.040298 2.811400 0.103477 0.035380 0.994002 0.000000 0.000000 0.000000 0.000000 1.000000
0.991372 -0.061311 -0.115852 0.000000 0.056597 0.997447 -0.043558 2.811400 0.118227 0.036625 0.992311 -0.000000 0.000000 0.000000 0.000000 1.000000
0.989750 -0.061136 -0.129064 0.000000 0.056030 0.997510 -0.042834 2.811400 0.131361 0.035163 0.990711 0.000000 0.000000 0.000000 0.000000 1.000000
0.988908 -0.059075 -0.136279 0.000000 0.053695 0.997639 -0.042822 2.811400 0.138487 0.035030 0.989745 0.000000 0.000000 0.000000 0.000000 1.000000
0.988693 -0.058550 -0.138050 -0.000000 0.052920 0.997624 -0.044109 2.811400 0.140305 0.036305 0.989442 0.000000 0.000000 0.000000 0.000000 1.000000
0.989458 -0.051495 -0.135359 -0.000000 0.046381 0.998096 -0.040663 2.811400 0.137195 0.033956 0.989962 0.000000 0.000000 0.000000 0.000000 1.000000
0.990404 -0.053458 -0.127446 0.000000 0.048867 0.998048 -0.038883 2.811400 0.129276 0.032282 0.991083 -0.000000 0.000000 0.000000 0.000000 1.000000
0.991261 -0.052529 -0.121009 0.000000 0.048270 0.998116 -0.037865 2.811400 0.122770 0.031693 0.991929 -0.000000 0.000000 0.000000 0.000000 1.000000
0.992545 -0.049223 -0.111498 -0.000000 0.045110 0.998216 -0.039113 2.811400 0.113224 0.033791 0.992995 0.000000 0.000000 0.000000 0.000000 1.000000
0.994600 -0.044726 -0.093652 0.000000 0.040864 0.998249 -0.042756 2.811400 0.095400 0.038699 0.994686 0.000000 0.000000 0.000000 0.000000 1.000000
0.996720 -0.037838 -0.071536 0.000000 0.034627 0.998359 -0.045610 2.811400 0.073144 0.042984 0.996395 0.000000 0.000000 0.000000 0.000000 1.000000
0.998136 -0.030500 -0.052856 -0.000000 0.028104 0.998569 -0.045490 2.811400 0.054168 0.043920 0.997565 -0.000000 0.000000 0.000000 0.000000 1.000000
0.998867 -0.023539 -0.041366 -0.000000 0.021754 0.998834 -0.043087 2.811400 0.042332 0.042139 0.998215 0.000000 0.000000 0.000000 0.000000 1.000000</float_array><technique_common><accessor source="#mixamorig_Spine2-Matrix-animation-output-transform-array" count="32" stride="16"><param type="float4x4"/></accessor></technique_common></source><source id="mixamorig_Spine2-Interpolations"><Name_array id="mixamorig_Spine2-Interpolations-array" count="32">
 LINEAR LINEAR LINEAR LINEAR LINEAR LINEAR LINEAR LINEAR LINEAR LINEAR LINEAR
LINEAR LINEAR LINEAR LINEAR LINEAR LINEAR LINEAR LINEAR LINEAR LINEAR LINEAR LINEAR
LINEAR LINEAR LINEAR LINEAR LINEAR LINEAR LINEAR LINEAR LINEAR</Name_array><technique_common><accessor source="#mixamorig_Spine2-Interpolations-array" count="32"><param type="name"/></accessor></technique_common></source><sampler id="mixamorig_Spine2-Matrix-animation-transform"><input semantic="INPUT" source="#mixamorig_Spine2-Matrix-animation-input"/><input semantic="OUTPUT" source="#mixamorig_Spine2-Matrix-animation-output-transform"/><input semantic="INTERPOLATION" source="#mixamorig_Spine2-Interpolations"/></sampler><channel source="#mixamorig_Spine2-Matrix-animation-transform" target="mixamorig_Spine2/matrix"/></animation>
    <animation id="mixamorig_Neck-anim" name="mixamorig_Neck"><source id="mixamorig_Neck-Matrix-animation-input"><float_array id="mixamorig_Neck-Matrix-animation-input-array" count="32">

0.000000 0.033333 0.066667 0.100000 0.133333 0.166667 0.200000 0.233333 0.266667 0.300000 0.333333 0.366667 0.400000 0.433333 0.466667 0.500000
0.533333 0.566667 0.600000 0.633333 0.666667 0.700000 0.733333 0.766667 0.800000 0.833333 0.866667 0.900000 0.933333 0.966667 1.000000 1.033333</float_array><technique_common><accessor source="#mixamorig_Neck-Matrix-animation-input-array" count="32"><param name="TIME" type="float"/></accessor></technique_common></source><source id="mixamorig_Neck-Matrix-animation-output-transform"><float_array id="mixamorig_Neck-Matrix-animation-output-transform-array" count="512">

0.999301 0.004142 0.037153 0.000000 -0.004578 0.999922 0.011652 3.162900 -0.037101 -0.011814 0.999242 0.000000 0.000000 0.000000 0.000000 1.000000
0.999438 0.006365 0.032913 0.000000 -0.006726 0.999918 0.010888 3.162900 -0.032841 -0.011103 0.999399 0.000000 0.000000 0.000000 0.000000 1.000000
0.999623 0.004337 0.027098 0.000000 -0.004677 0.999911 0.012494 3.162900 -0.027041 -0.012616 0.999555 -0.000000 0.000000 0.000000 0.000000 1.000000
0.999795 -0.005905 0.019354 -0.000000 0.005629 0.999882 0.014307 3.162900 -0.019436 -0.014195 0.999710 0.000000 0.000000 0.000000 0.000000 1.000000
0.999797 -0.016764 0.011221 -0.000000 0.016611 0.999769 0.013664 3.162900 -0.011447 -0.013475 0.999844 0.000000 0.000000 0.000000 0.000000 1.000000
0.999785 -0.020307 0.004140 0.000000 0.020249 0.999704 0.013471 3.162900 -0.004413 -0.013384 0.999901 0.000000 0.000000 0.000000 0.000000 1.000000
0.999829 -0.018360 -0.002006 0.000000 0.018390 0.999699 0.016244 3.162900 0.001707 -0.016278 0.999866 0.000000 0.000000 0.000000 0.000000 1.000000
0.999886 -0.013393 -0.006956 0.000000 0.013513 0.999754 0.017598 3.162900 0.006718 -0.017690 0.999821 0.000000 0.000000 0.000000 0.000000 1.000000
0.999964 0.001567 -0.008371 -0.000000 -0.001473 0.999935 0.011288 3.162900 0.008389 -0.011276 0.999901 0.000000 0.000000 0.000000 0.000000 1.000000
0.999611 0.027461 -0.004915 0.000000 -0.027429 0.999602 0.006536 3.162900 0.005093 -0.006398 0.999967 0.000000 0.000000 0.000000 0.000000 1.000000
0.999208 0.039796 -0.000710 -0.000000 -0.039791 0.999186 0.006559 3.162900 0.000970 -0.006526 0.999978 0.000000 0.000000 0.000000 0.000000 1.000000
0.998802 0.048724 0.004591 0.000000 -0.048745 0.998801 0.004463 3.162900 -0.004368 -0.004681 0.999980 -0.000000 0.000000 0.000000 0.000000 1.000000
0.998459 0.054127 0.012274 -0.000000 -0.054173 0.998526 0.003476 3.162900 -0.012068 -0.004135 0.999919 0.000000 0.000000 0.000000 0.000000 1.000000
0.998561 0.049282 0.021154 0.000000 -0.049394 0.998768 0.004819 3.162900 -0.020890 -0.005857 0.999765 0.000000 0.000000 0.000000 0.000000 1.000000
0.998819 0.038413 0.029761 -0.000000 -0.038523 0.999253 0.003124 3.162900 -0.029619 -0.004267 0.999552 -0.000000 0.000000 0.000000 0.000000 1.000000
0.998815 0.030143 0.038206 0.000000 -0.030061 0.999544 -0.002725 3.162900 -0.038271 0.001573 0.999266 0.000000 0.000000 0.000000 0.000000 1.000000
0.998633 0.023103 0.046880 0.000000 -0.022748 0.999709 -0.008086 3.162900 -0.047053 0.007008 0.998868 0.000000 0.000000 0.000000 0.000000 1.000000
0.998264 0.018197 0.056024 0.000000 -0.017730 0.999804 -0.008821 3.162900 -0.056174 0.007812 0.998390 -0.000000 0.000000 0.000000 0.000000 1.000000
0.997663 0.020207 0.065268 0.000000 -0.019836 0.999783 -0.006323 3.162900 -0.065382 0.005013 0.997848 0.000000 0.000000 0.000000 0.000000 1.000000
0.996765 0.029845 0.074629 0.000000 -0.029666 0.999554 -0.003511 3.162900 -0.074701 0.001286 0.997205 0.000000 0.000000 0.000000 0.000000 1.000000
0.995765 0.039117 0.083200 0.000000 -0.039120 0.999233 -0.001595 3.162900 -0.083198 -0.001667 0.996532 -0.000000 0.000000 0.000000 0.000000 1.000000
0.995090 0.042326 0.089465 0.000000 -0.042679 0.999087 0.002035 3.162900 -0.089297 -0.005843 0.995988 0.000000 0.000000 0.000000 0.000000 1.000000
0.994896 0.039709 0.092767 0.000000 -0.040591 0.999147 0.007635 3.162900 -0.092385 -0.011361 0.995659 0.000000 0.000000 0.000000 0.000000 1.000000
0.995083 0.032214 0.093664 0.000000 -0.033416 0.999378 0.011293 3.162900 -0.093242 -0.014367 0.995540 0.000000 0.000000 0.000000 0.000000 1.000000
0.995793 0.009143 0.091175 0.000000 -0.009788 0.999930 0.006632 3.162900 -0.091108 -0.007497 0.995813 -0.000000 0.000000 0.000000 0.000000 1.000000
0.996140 -0.002765 0.087730 0.000000 0.002442 0.999990 0.003786 3.162900 -0.087740 -0.003558 0.996137 0.000000 0.000000 0.000000 0.000000 1.000000
0.996605 -0.014104 0.081115 0.000000 0.013931 0.999899 0.002706 3.162900 -0.081145 -0.001567 0.996701 -0.000000 0.000000 0.000000 0.000000 1.000000
0.997224 -0.023376 0.070695 0.000000 0.023031 0.999719 0.005689 3.162900 -0.070808 -0.004045 0.997482 0.000000 0.000000 0.000000 0.000000 1.000000
0.997990 -0.023150 0.058997 0.000000 0.022683 0.999706 0.008569 3.162900 -0.059178 -0.007213 0.998221 -0.000000 0.000000 0.000000 0.000000 1.000000
0.998718 -0.014904 0.048378 -0.000000 0.014527 0.999861 0.008138 3.162900 -0.048492 -0.007425 0.998796 0.000000 0.000000 0.000000 0.000000 1.000000
0.999165 -0.004138 0.040648 0.000000 0.003816 0.999961 0.007990 3.162900 -0.040679 -0.007828 0.999142 0.000000 0.000000 0.000000 0.000000 1.000000
0.999301 0.004142 0.037153 0.000000 -0.004578 0.999922 0.011652 3.162900 -0.037101 -0.011814 0.999242 0.000000 0.000000 0.000000 0.000000 1.000000</float_array><technique_common><accessor source="#mixamorig_Neck-Matrix-animation-output-transform-array" count="32" stride="16"><param type="float4x4"/></accessor></technique_common></source><source id="mixamorig_Neck-Interpolations"><Name_array id="mixamorig_Neck-Interpolations-array" count="32">
 LINEAR LINEAR LINEAR LINEAR LINEAR LINEAR LINEAR LINEAR LINEAR LINEAR LINEAR
LINEAR LINEAR LINEAR LINEAR LINEAR LINEAR LINEAR LINEAR LINEAR LINEAR LINEAR LINEAR
LINEAR LINEAR LINEAR LINEAR LINEAR LINEAR LINEAR LINEAR LINEAR</Name_array><technique_common><accessor source="#mixamorig_Neck-Interpolations-array" count="32"><param type="name"/></accessor></technique_common></source><sampler id="mixamorig_Neck-Matrix-animation-transform"><input semantic="INPUT" source="#mixamorig_Neck-Matrix-animation-input"/><input semantic="OUTPUT" source="#mixamorig_Neck-Matrix-animation-output-transform"/><input semantic="INTERPOLATION" source="#mixamorig_Neck-Interpolations"/></sampler><channel source="#mixamorig_Neck-Matrix-animation-transform" target="mixamorig_Neck/matrix"/></animation>
    <animation id="mixamorig_Head-anim" name="mixamorig_Head"><source id="mixamorig_Head-Matrix-animation-input"><float_array id="mixamorig_Head-Matrix-animation-input-array" count="32">

0.000000 0.033333 0.066667 0.100000 0.133333 0.166667 0.200000 0.233333 0.266667 0.300000 0.333333 0.366667 0.400000 0.433333 0.466667 0.500000
0.533333 0.566667 0.600000 0.633333 0.666667 0.700000 0.733333 0.766667 0.800000 0.833333 0.866667 0.900000 0.933333 0.966667 1.000000 1.033333</float_array><technique_common><accessor source="#mixamorig_Head-Matrix-animation-input-array" count="32"><param name="TIME" type="float"/></accessor></technique_common></source><source id="mixamorig_Head-Matrix-animation-output-transform"><float_array id="mixamorig_Head-Matrix-animation-output-transform-array" count="512">

0.996340 0.032647 0.078999 0.000000 -0.037096 0.997768 0.055527 0.941900 -0.077010 -0.058255 0.995327 0.114700 0.000000 0.000000 0.000000 1.000000
0.997790 0.032674 0.057860 -0.000000 -0.035549 0.998148 0.049374 0.941900 -0.056139 -0.051322 0.997103 0.114700 0.000000 0.000000 0.000000 1.000000
0.998661 0.032668 0.040123 0.000000 -0.034635 0.998181 0.049343 0.941900 -0.038438 -0.050667 0.997976 0.114700 0.000000 0.000000 0.000000 1.000000
0.998921 0.038288 0.026298 -0.000000 -0.039711 0.997646 0.055908 0.941900 -0.024095 -0.056892 0.998090 0.114700 0.000000 0.000000 0.000000 1.000000
0.998903 0.041941 0.020843 0.000000 -0.043277 0.996716 0.068436 0.941900 -0.017904 -0.069263 0.997438 0.114700 0.000000 0.000000 0.000000 1.000000
0.998919 0.042160 0.019596 0.000000 -0.043615 0.995765 0.080926 0.941900 -0.016101 -0.081693 0.996527 0.114700 0.000000 0.000000 0.000000 1.000000
0.999048 0.041890 0.012176 -0.000000 -0.042852 0.994640 0.094102 0.941900 -0.008168 -0.094534 0.995488 0.114700 0.000000 0.000000 0.000000 1.000000
0.999399 0.034408 -0.004238 0.000000 -0.033784 0.994043 0.103617 0.941900 0.007778 -0.103411 0.994608 0.114700 0.000000 0.000000 0.000000 1.000000
0.999636 0.015646 -0.021967 0.000000 -0.013536 0.995563 0.093120 0.941900 0.023327 -0.092789 0.995413 0.114700 0.000000 0.000000 0.000000 1.000000
0.999404 -0.010233 -0.032954 -0.000000 0.012474 0.997572 0.068516 0.941900 0.032173 -0.068886 0.997106 0.114700 0.000000 0.000000 0.000000 1.000000
0.998749 -0.034349 -0.036337 -0.000000 0.036239 0.997954 0.052681 0.941900 0.034453 -0.053932 0.997950 0.114700 0.000000 0.000000 0.000000 1.000000
0.998729 -0.041869 -0.028056 -0.000000 0.043394 0.997478 0.056162 0.941900 0.025634 -0.057309 0.998027 0.114700 0.000000 0.000000 0.000000 1.000000
0.999624 -0.027404 -0.000653 0.000000 0.027382 0.997165 0.070086 0.941900 -0.001269 -0.070078 0.997541 0.114700 0.000000 0.000000 0.000000 1.000000
0.999331 -0.002955 0.036440 0.000000 0.000205 0.997166 0.075234 0.941900 -0.036559 -0.075176 0.996500 0.114700 0.000000 0.000000 0.000000 1.000000
0.997433 0.015534 0.069904 0.000000 -0.020025 0.997749 0.064005 0.941900 -0.068753 -0.065241 0.995498 0.114700 0.000000 0.000000 0.000000 1.000000
0.995126 0.024515 0.095515 0.000000 -0.028951 0.998552 0.045342 0.941900 -0.094266 -0.047886 0.994395 0.114700 0.000000 0.000000 0.000000 1.000000
0.992379 0.030540 0.119375 0.000000 -0.034254 0.998987 0.029186 0.941900 -0.118363 -0.033052 0.992420 0.114700 0.000000 0.000000 0.000000 1.000000
0.989005 0.036365 0.143342 0.000000 -0.039846 0.998975 0.021489 0.941900 -0.142414 -0.026964 0.989440 0.114700 0.000000 0.000000 0.000000 1.000000
0.986150 0.038348 0.161363 -0.000000 -0.043095 0.998732 0.026018 0.941900 -0.160160 -0.032612 0.986552 0.114700 0.000000 0.000000 0.000000 1.000000
0.984052 0.035415 0.174320 0.000000 -0.043354 0.998179 0.041949 0.941900 -0.172517 -0.048838 0.983795 0.114700 0.000000 0.000000 0.000000 1.000000
0.982535 0.032725 0.183177 0.000000 -0.044146 0.997304 0.058622 0.941900 -0.180765 -0.065684 0.981331 0.114700 0.000000 0.000000 0.000000 1.000000
0.981894 0.032584 0.186609 0.000000 -0.045756 0.996722 0.066717 0.941900 -0.183824 -0.074048 0.980166 0.114700 0.000000 0.000000 0.000000 1.000000
0.981754 0.033322 0.187212 0.000000 -0.047893 0.996118 0.073857 0.941900 -0.184024 -0.081476 0.979539 0.114700 0.000000 0.000000 0.000000 1.000000
0.980591 0.041677 0.191582 0.000000 -0.059126 0.994515 0.086281 0.941900 -0.186935 -0.095934 0.977677 0.114700 0.000000 0.000000 0.000000 1.000000
0.975705 0.064898 0.209258 -0.000000 -0.084746 0.992569 0.087316 0.941900 -0.202036 -0.102929 0.973954 0.114700 0.000000 0.000000 0.000000 1.000000
0.970354 0.083242 0.226899 0.000000 -0.102369 0.992001 0.073857 0.941900 -0.218936 -0.094894 0.971114 0.114700 0.000000 0.000000 0.000000 1.000000
0.970766 0.080643 0.226077 0.000000 -0.096976 0.993349 0.062078 0.941900 -0.219567 -0.082188 0.972129 0.114700 0.000000 0.000000 0.000000 1.000000
0.977407 0.066904 0.200498 0.000000 -0.081612 0.994476 0.066006 0.941900 -0.194974 -0.080878 0.977468 0.114700 0.000000 0.000000 0.000000 1.000000
0.985303 0.052587 0.162522 -0.000000 -0.065363 0.995092 0.074288 0.941900 -0.157818 -0.083819 0.983904 0.114700 0.000000 0.000000 0.000000 1.000000
0.991460 0.039490 0.124292 0.000000 -0.049012 0.996015 0.074509 0.941900 -0.120855 -0.079964 0.989444 0.114700 0.000000 0.000000 0.000000 1.000000
0.994966 0.032034 0.094957 0.000000 -0.038439 0.997052 0.066402 0.941900 -0.092550 -0.069718 0.993264 0.114700 0.000000 0.000000 0.000000 1.000000
0.996340 0.032647 0.078999 -0.000000 -0.037096 0.997768 0.055527 0.941900 -0.077010 -0.058255 0.995327 0.114700 0.000000 0.000000 0.000000 1.000000</float_array><technique_common><accessor source="#mixamorig_Head-Matrix-animation-output-transform-array" count="32" stride="16"><param type="float4x4"/></accessor></technique_common></source><source id="mixamorig_Head-Interpolations"><Name_array id="mixamorig_Head-Interpolations-array" count="32">
 LINEAR LINEAR LINEAR LINEAR LINEAR LINEAR LINEAR LINEAR LINEAR LINEAR LINEAR
LINEAR LINEAR LINEAR LINEAR LINEAR LINEAR LINEAR LINEAR LINEAR LINEAR LINEAR LINEAR
